askPrice = 303116.29166965233
askPrice = 531844.2566817101
askPrice = 609961.4656425449
