step;count_supply;gov_wealth;construction_wealth;company_wealth;bank_wealth;calculate_houses_prices_perm2;supply_volume;demand_volume;rental_supply_volume;rental_demand_volume;calculate_prices_in_supply;irs;vat;subsidyRate;salaryRate;births;breakups;deaths;children_leaving_home;n_of_households;subsidiesPaid;ivaCollected;irsCollected;companyServicesPaid;inheritagesFlow;constructionLabor;rawSalariesPaid;liquidSalariesReceived;expensesReceived;transactions_per_region;rents_per_region;number_of_houses_built_per_region;supply_per_bucket;demand_per_bucket;newly_built_houses_for_sale;mortgages_per_step;houses_for_sale;contractRents
0;0;7.3013e9;3.65065e8;4.38078e9;4.891871e9;NaN;Dict{HouseLocation, Int64}(Oeiras => 0);Dict{HouseLocation, Int64}(Oeiras => 0);Dict{HouseLocation, Int64}(Oeiras => 0);Dict{HouseLocation, Int64}(Oeiras => 0);NaN;0.2;0.15;1.0;1.0;0;0;0;0;73014;0.0;0.0;0.0;0.0;0.0;0.0;0.0;0.0;0.0;Dict{Any, Any}(Oeiras => Transaction[]);Dict{Any, Any}(Oeiras => Transaction[]);Dict{HouseLocation, Dict{SizeInterval, Int64}}(Oeiras => Dict(LessThan75 => 0, LessThan125 => 0, More => 0, LessThan50 => 0));Dict{HouseLocation, Dict{SizeInterval, Int64}}(Oeiras => Dict(LessThan75 => 0, LessThan125 => 0, More => 0, LessThan50 => 0));Dict{HouseLocation, Dict{SizeInterval, Int64}}(Oeiras => Dict(LessThan75 => 0, LessThan125 => 0, More => 0, LessThan50 => 0));House[];Mortgage[];House[];Dict{HouseLocation, Float64}(Oeiras => 5.077171583803366)
1;113;7.271595588670726e9;3.485528823214184e8;4.391591176676092e9;4.866254309130596e9;2273.7493205594747;Dict{HouseLocation, Int64}(Oeiras => 266);Dict{HouseLocation, Int64}(Oeiras => 6127);Dict{HouseLocation, Int64}(Oeiras => 76);Dict{HouseLocation, Int64}(Oeiras => 5480);1851.3702537725867;0.2;0.15;1.0;1.0;169;4;94;90;73041;9.156900176789872e6;1.8444046416944813e7;8.880657138536933e7;1.46026e8;0.0;2.2251176785813505e6;2.397310863536436e8;1.5092451496827617e8;1.0451626302935383e8;Dict{Any, Any}(Oeiras => Transaction[Transaction(0x005f, 291545.4016037114, Oeiras), Transaction(0x0035, 78448.35090196255, Oeiras), Transaction(0x004b, 154218.4634605432, Oeiras), Transaction(0x004d, 209625.71536501305, Oeiras), Transaction(0x002f, 147390.89045630672, Oeiras), Transaction(0x0041, 119259.66987447151, Oeiras), Transaction(0x0059, 170325.07640103842, Oeiras), Transaction(0x0061, 153385.8446154493, Oeiras), Transaction(0x002d, 98128.65926002029, Oeiras), Transaction(0x0055, 177918.93957283968, Oeiras), Transaction(0x005a, 148265.99394988152, Oeiras), Transaction(0x0066, 212904.4943909459, Oeiras), Transaction(0x003a, 136344.63507855893, Oeiras), Transaction(0x004f, 211324.79164444795, Oeiras), Transaction(0x0089, 241396.697124745, Oeiras), Transaction(0x0029, 99417.83805179896, Oeiras), Transaction(0x0048, 150025.38478729693, Oeiras), Transaction(0x0019, 60047.954569733985, Oeiras), Transaction(0x0050, 149092.36874131893, Oeiras), Transaction(0x0061, 294507.38162312406, Oeiras), Transaction(0x0060, 146903.0325264506, Oeiras), Transaction(0x0020, 54558.841596576625, Oeiras), Transaction(0x005f, 148983.4403886632, Oeiras), Transaction(0x0052, 225822.64878721972, Oeiras), Transaction(0x002f, 115433.36088712119, Oeiras), Transaction(0x0031, 130787.0808263569, Oeiras), Transaction(0x0043, 179316.2283438801, Oeiras), Transaction(0x0061, 171932.31533046212, Oeiras), Transaction(0x0087, 300719.03810327203, Oeiras), Transaction(0x004c, 195843.07791745773, Oeiras), Transaction(0x0051, 159566.3625749891, Oeiras), Transaction(0x0027, 87880.27876972525, Oeiras), Transaction(0x0054, 229425.2502550036, Oeiras), Transaction(0x0039, 165616.14873854662, Oeiras), Transaction(0x004f, 174580.06954907, Oeiras), Transaction(0x0055, 212371.82337852815, Oeiras), Transaction(0x0035, 144075.29004012037, Oeiras), Transaction(0x0076, 270799.8625313572, Oeiras), Transaction(0x0018, 60240.68722458474, Oeiras), Transaction(0x0057, 141048.4950963509, Oeiras), Transaction(0x002d, 102307.37276716613, Oeiras), Transaction(0x0046, 164224.2422336768, Oeiras), Transaction(0x003b, 143923.58406379612, Oeiras), Transaction(0x0057, 239928.6538870476, Oeiras), Transaction(0x0069, 201857.22290733983, Oeiras), Transaction(0x0031, 117979.21174105318, Oeiras), Transaction(0x002e, 113138.12561100641, Oeiras), Transaction(0x004a, 162270.92827693745, Oeiras), Transaction(0x0095, 339441.2851343995, Oeiras), Transaction(0x0063, 268386.9897490366, Oeiras), Transaction(0x0030, 114970.26365435694, Oeiras), Transaction(0x0065, 197600.50163819588, Oeiras), Transaction(0x0060, 174296.9323992595, Oeiras), Transaction(0x002d, 89535.6181282104, Oeiras), Transaction(0x0057, 205112.22705903187, Oeiras), Transaction(0x004c, 205931.77576827237, Oeiras), Transaction(0x003b, 152387.4096511633, Oeiras), Transaction(0x003a, 153484.55022178363, Oeiras), Transaction(0x0042, 157927.7226960555, Oeiras), Transaction(0x006a, 259327.97578786776, Oeiras), Transaction(0x0045, 193166.61481641963, Oeiras), Transaction(0x007c, 187740.81703400158, Oeiras), Transaction(0x0020, 79006.07148929928, Oeiras), Transaction(0x0080, 188184.52289585804, Oeiras), Transaction(0x0064, 191869.3157895674, Oeiras), Transaction(0x0045, 176957.05440268977, Oeiras), Transaction(0x005e, 250183.21445269304, Oeiras), Transaction(0x005d, 245294.79938008814, Oeiras), Transaction(0x0055, 195536.6651953673, Oeiras), Transaction(0x0061, 255168.29303067114, Oeiras), Transaction(0x001d, 55762.00916965686, Oeiras), Transaction(0x0063, 265489.8545159713, Oeiras), Transaction(0x003d, 159490.84363746305, Oeiras), Transaction(0x0045, 130286.46292189135, Oeiras), Transaction(0x0041, 106939.06016606749, Oeiras), Transaction(0x003b, 146888.69078678996, Oeiras), Transaction(0x0042, 145726.565520815, Oeiras), Transaction(0x0051, 174160.55576888775, Oeiras), Transaction(0x0057, 202062.39689853226, Oeiras), Transaction(0x0037, 109025.84511616251, Oeiras), Transaction(0x0051, 184425.07891788994, Oeiras), Transaction(0x0080, 302696.0649990286, Oeiras), Transaction(0x0051, 206302.19438931326, Oeiras), Transaction(0x0035, 119093.42346870682, Oeiras), Transaction(0x0051, 222731.84579628994, Oeiras), Transaction(0x005e, 242433.74713495653, Oeiras), Transaction(0x0041, 92880.38341561577, Oeiras), Transaction(0x005d, 213710.33584040322, Oeiras), Transaction(0x003e, 147817.73926549882, Oeiras), Transaction(0x003e, 97082.91154619512, Oeiras), Transaction(0x0060, 187474.36280276216, Oeiras), Transaction(0x0052, 132828.89871975698, Oeiras), Transaction(0x0035, 127576.94533182892, Oeiras), Transaction(0x0057, 122948.84801652943, Oeiras), Transaction(0x002a, 129869.12198923653, Oeiras), Transaction(0x004a, 201066.9090829045, Oeiras), Transaction(0x0018, 69893.61506161162, Oeiras), Transaction(0x006d, 335223.1145216998, Oeiras), Transaction(0x0045, 125345.86999562338, Oeiras), Transaction(0x006f, 255168.29303067114, Oeiras), Transaction(0x004a, 212551.13511711173, Oeiras), Transaction(0x0039, 134107.54425433523, Oeiras), Transaction(0x0080, 276879.5823260284, Oeiras), Transaction(0x008b, 320589.9585349347, Oeiras), Transaction(0x0033, 119888.72999949085, Oeiras), Transaction(0x0059, 126586.18434767406, Oeiras), Transaction(0x0031, 83437.52822965705, Oeiras), Transaction(0x0049, 222598.70632728626, Oeiras), Transaction(0x0073, 173246.88298497707, Oeiras), Transaction(0x00d0, 318334.03399931133, Oeiras), Transaction(0x0029, 118014.7454590777, Oeiras), Transaction(0x0057, 125063.56145681866, Oeiras), Transaction(0x0062, 260090.1062507875, Oeiras), Transaction(0x0063, 161044.61307598438, Oeiras), Transaction(0x0074, 187075.85929927268, Oeiras), Transaction(0x0062, 179191.46720268982, Oeiras), Transaction(0x0060, 222067.16529059177, Oeiras), Transaction(0x0047, 181740.6024432447, Oeiras), Transaction(0x005f, 202116.79068352113, Oeiras), Transaction(0x005f, 263846.6659419859, Oeiras), Transaction(0x002e, 111371.60031012465, Oeiras), Transaction(0x0056, 239712.57596083963, Oeiras), Transaction(0x0043, 185252.5144551081, Oeiras), Transaction(0x0068, 234940.3402540107, Oeiras), Transaction(0x002e, 104313.90834107834, Oeiras), Transaction(0x0051, 178301.54321303684, Oeiras), Transaction(0x0058, 204947.33160480554, Oeiras), Transaction(0x0048, 197782.98169348328, Oeiras), Transaction(0x005d, 228812.09105784819, Oeiras), Transaction(0x003d, 147178.14165283012, Oeiras), Transaction(0x0087, 196841.74062617772, Oeiras), Transaction(0x003c, 167610.56647760788, Oeiras), Transaction(0x0048, 124616.8302909821, Oeiras), Transaction(0x0052, 134024.342582011, Oeiras), Transaction(0x0034, 94788.28330198111, Oeiras), Transaction(0x0061, 175286.99935272534, Oeiras), Transaction(0x004d, 147561.51609400357, Oeiras), Transaction(0x001c, 79668.5329980105, Oeiras), Transaction(0x0050, 223339.50955097808, Oeiras), Transaction(0x0033, 87079.95712330895, Oeiras), Transaction(0x004a, 184722.01759471506, Oeiras), Transaction(0x004d, 194440.2249087693, Oeiras), Transaction(0x0029, 116664.06214021788, Oeiras), Transaction(0x0051, 156154.71230525803, Oeiras), Transaction(0x004b, 203237.68599803213, Oeiras), Transaction(0x005c, 167284.1806960447, Oeiras), Transaction(0x003a, 164973.9323264013, Oeiras), Transaction(0x0032, 105623.06428065266, Oeiras), Transaction(0x0053, 190112.98266585646, Oeiras), Transaction(0x0022, 96043.70946727229, Oeiras), Transaction(0x004b, 159119.0941914075, Oeiras), Transaction(0x0061, 232267.792973216, Oeiras), Transaction(0x0049, 177708.7298226381, Oeiras), Transaction(0x0061, 179139.30086816268, Oeiras), Transaction(0x003a, 149746.33300843707, Oeiras), Transaction(0x006d, 214071.42145204762, Oeiras), Transaction(0x003e, 186028.51295027946, Oeiras), Transaction(0x00bc, 264555.022609883, Oeiras), Transaction(0x0055, 156500.68691649364, Oeiras), Transaction(0x004e, 245145.96093819544, Oeiras), Transaction(0x003c, 147901.9432409381, Oeiras), Transaction(0x0039, 170629.01818602293, Oeiras), Transaction(0x0030, 140102.05919964044, Oeiras), Transaction(0x0025, 68620.5136808395, Oeiras), Transaction(0x005d, 255955.1002714655, Oeiras), Transaction(0x0075, 198210.68385733187, Oeiras), Transaction(0x0054, 135382.15621675138, Oeiras), Transaction(0x003d, 162469.8426533498, Oeiras), Transaction(0x001f, 53475.33405692628, Oeiras), Transaction(0x003f, 182274.77737021138, Oeiras), Transaction(0x006f, 194895.40732725253, Oeiras), Transaction(0x0056, 129604.0835450905, Oeiras), Transaction(0x0037, 156793.2606995553, Oeiras), Transaction(0x0068, 255935.15593667014, Oeiras), Transaction(0x0045, 138009.9047649662, Oeiras), Transaction(0x002a, 94567.55234087066, Oeiras), Transaction(0x004e, 159990.47567364175, Oeiras), Transaction(0x0035, 131009.42378632577, Oeiras), Transaction(0x0016, 56017.11501999796, Oeiras), Transaction(0x0058, 237541.02368822054, Oeiras)]);Dict{Any, Any}(Oeiras => Transaction[Transaction(0x00b1, 1987.0878673593352, Oeiras), Transaction(0x008a, 1161.0266325958005, Oeiras), Transaction(0x00af, 1233.000998145635, Oeiras), Transaction(0x0063, 1121.6189525346185, Oeiras), Transaction(0x0064, 1019.7532110418229, Oeiras), Transaction(0x0060, 1130.8053647204188, Oeiras), Transaction(0x006b, 1006.3549062380819, Oeiras), Transaction(0x005d, 961.7704233225269, Oeiras), Transaction(0x0072, 889.6448402647266, Oeiras), Transaction(0x0068, 874.2876742385813, Oeiras), Transaction(0x0058, 979.9532237466907, Oeiras), Transaction(0x0061, 827.7029021762203, Oeiras), Transaction(0x0079, 877.273268467061, Oeiras), Transaction(0x0053, 699.9709207617827, Oeiras), Transaction(0x0053, 905.944413272913, Oeiras), Transaction(0x0051, 881.6287432738071, Oeiras), Transaction(0x004c, 662.0707975320274, Oeiras), Transaction(0x0052, 859.7698223964962, Oeiras), Transaction(0x0042, 618.5738139674132, Oeiras), Transaction(0x006a, 767.3035901200992, Oeiras), Transaction(0x0050, 731.2186526870609, Oeiras), Transaction(0x0056, 691.6897722656481, Oeiras), Transaction(0x0051, 711.2490838162201, Oeiras), Transaction(0x004d, 709.8038940856246, Oeiras), Transaction(0x0014, 209.49548143679792, Oeiras), Transaction(0x0086, 834.397426112569, Oeiras), Transaction(0x0041, 524.3405853106557, Oeiras), Transaction(0x001f, 371.1621855446432, Oeiras), Transaction(0x0043, 692.807682903631, Oeiras), Transaction(0x0036, 563.7412061521659, Oeiras), Transaction(0x0058, 640.5589110334306, Oeiras), Transaction(0x0044, 466.90234383258286, Oeiras), Transaction(0x0045, 634.8032136294253, Oeiras), Transaction(0x0050, 508.23444136043076, Oeiras), Transaction(0x0033, 552.3528085586677, Oeiras), Transaction(0x0053, 609.1948975720913, Oeiras), Transaction(0x0041, 593.7248578932285, Oeiras), Transaction(0x002f, 528.2732151767901, Oeiras), Transaction(0x0039, 642.5436890424656, Oeiras), Transaction(0x002b, 482.7700889632969, Oeiras), Transaction(0x0027, 418.9061295297446, Oeiras), Transaction(0x0015, 163.78250436614604, Oeiras), Transaction(0x003f, 534.3476244067947, Oeiras), Transaction(0x002a, 416.55232057342977, Oeiras), Transaction(0x0031, 440.8860766417675, Oeiras), Transaction(0x0029, 424.51117758645637, Oeiras), Transaction(0x005d, 566.4975337358045, Oeiras), Transaction(0x0035, 562.5552789980462, Oeiras), Transaction(0x003e, 412.06854039955874, Oeiras), Transaction(0x0017, 165.31898596682575, Oeiras), Transaction(0x005b, 492.966554850201, Oeiras), Transaction(0x0018, 151.8134397242064, Oeiras), Transaction(0x003d, 373.44110158338754, Oeiras)]);Dict{HouseLocation, Dict{SizeInterval, Int64}}(Oeiras => Dict(LessThan75 => 8, LessThan125 => 8, More => 4, LessThan50 => 7));Dict{HouseLocation, Dict{SizeInterval, Int64}}(Oeiras => Dict(LessThan75 => 36, LessThan125 => 11, More => 7, LessThan50 => 32));Dict{HouseLocation, Dict{SizeInterval, Int64}}(Oeiras => Dict(LessThan75 => 268, LessThan125 => 633, More => 654, LessThan50 => 344));House[House(0x0072, Oeiras, NotSocialNeighbourhood, 1.0, 66), House(0x0064, Oeiras, NotSocialNeighbourhood, 1.0, 78), House(0x0062, Oeiras, NotSocialNeighbourhood, 1.0, 29), House(0x0070, Oeiras, NotSocialNeighbourhood, 1.0, 1), House(0x0058, Oeiras, NotSocialNeighbourhood, 1.0, 27), House(0x005d, Oeiras, NotSocialNeighbourhood, 1.0, 32), House(0x0059, Oeiras, NotSocialNeighbourhood, 1.0, 17), House(0x0067, Oeiras, NotSocialNeighbourhood, 1.0, 76), House(0x0031, Oeiras, NotSocialNeighbourhood, 1.0, 48), House(0x0029, Oeiras, NotSocialNeighbourhood, 1.0, 63), House(0x0021, Oeiras, NotSocialNeighbourhood, 1.0, 58), House(0x0030, Oeiras, NotSocialNeighbourhood, 1.0, 2), House(0x0028, Oeiras, NotSocialNeighbourhood, 1.0, 95), House(0x0027, Oeiras, NotSocialNeighbourhood, 1.0, 13), House(0x002f, Oeiras, NotSocialNeighbourhood, 1.0, 1), House(0x003d, Oeiras, NotSocialNeighbourhood, 1.0, 73), House(0x003c, Oeiras, NotSocialNeighbourhood, 1.0, 36), House(0x003c, Oeiras, NotSocialNeighbourhood, 1.0, 20), House(0x0044, Oeiras, NotSocialNeighbourhood, 1.0, 85), House(0x003f, Oeiras, NotSocialNeighbourhood, 1.0, 15), House(0x003f, Oeiras, NotSocialNeighbourhood, 1.0, 57), House(0x004a, Oeiras, NotSocialNeighbourhood, 1.0, 6), House(0x003e, Oeiras, NotSocialNeighbourhood, 1.0, 7), House(0x008b, Oeiras, NotSocialNeighbourhood, 1.0, 69), House(0x009d, Oeiras, NotSocialNeighbourhood, 1.0, 9), House(0x007d, Oeiras, NotSocialNeighbourhood, 1.0, 84), House(0x008e, Oeiras, NotSocialNeighbourhood, 1.0, 15)];Mortgage[Mortgage(243875.76510233304, 212262.30660328837, 35, 0x00e4), Mortgage(33936.662935656845, 23549.979089865672, 35, 0x006c), Mortgage(130306.55833313236, 119936.86106928505, 35, 0x0150), Mortgage(175652.42673532935, 155506.16614664643, 35, 0x00fc), Mortgage(111072.61968284224, 96674.34746727264, 35, 0x00e4), Mortgage(102863.99226933937, 96554.16145191794, 35, 0x0198), Mortgage(125548.6346528379, 65943.77901111353, 35, 0x0048), Mortgage(121811.01767970418, 106020.73384183347, 35, 0x00e4), Mortgage(71233.20438403233, 53790.30544374815, 35, 0x0084), Mortgage(140184.12039092166, 122012.14307147013, 35, 0x00e4), Mortgage(111845.99839298465, 99736.83682802637, 35, 0x0108), Mortgage(170874.62485407872, 124330.20412729909, 35, 0x0078), Mortgage(118511.79883349148, 108377.82459241178, 34, 0x0138), Mortgage(183524.80091385744, 164729.72441709624, 35, 0x0114), Mortgage(208565.41565821663, 183166.28145691927, 35, 0x00f0), Mortgage(73020.10307993017, 58225.461207250926, 35, 0x009c), Mortgage(121367.54554698654, 113281.61938143875, 35, 0x0180), Mortgage(40087.660051315455, 37300.18947482463, 35, 0x0174), Mortgage(128460.60115444455, 117741.05500373787, 35, 0x0144), Mortgage(257426.6200414917, 221806.84449160576, 35, 0x00d8), Mortgage(109812.56860154402, 90956.80842109169, 35, 0x00b4), Mortgage(33636.91161645003, 30192.100213315898, 35, 0x0114), Mortgage(129236.50432464089, 120978.55298614642, 35, 0x018c), Mortgage(189982.9946133354, 147813.28174453854, 35, 0x0090), Mortgage(99514.0976587175, 93648.7915237621, 35, 0x01a4), Mortgage(98714.6508651998, 81764.49837614207, 35, 0x00b4), Mortgage(155544.26813353022, 141211.60194575865, 35, 0x012c), Mortgage(136229.81550651454, 116046.65247594364, 35, 0x00cc), Mortgage(264531.66901169816, 237440.54601288075, 35, 0x0114), Mortgage(168673.79418820716, 143683.88522864634, 35, 0x00cc), Mortgage(137173.06707774205, 113619.27456588356, 35, 0x00b4), Mortgage(62914.08143436583, 56102.601473117036, 35, 0x0108), Mortgage(195402.67691907045, 168365.07104683257, 35, 0x00d8), Mortgage(142724.17139306964, 130218.33028892343, 35, 0x0138), Mortgage(148545.558438669, 127991.5090957338, 35, 0x00d8), Mortgage(179779.523879408, 164777.60978389156, 35, 0x0144), Mortgage(125508.6875971675, 116781.51885438614, 35, 0x0174), Mortgage(235675.1337660834, 177965.28375207444, 35, 0x0084), Mortgage(19166.69960187358, 15283.324414350971, 35, 0x009c), Mortgage(118470.56795095069, 111487.97789222961, 35, 0x01a4), Mortgage(70077.10748819266, 52917.302387272975, 35, 0x0084), Mortgage(131803.40929606723, 110822.20270880623, 35, 0x00c0), Mortgage(92813.11479817866, 67531.81473493986, 35, 0x0078), Mortgage(208622.44851120713, 186035.65084837837, 35, 0x0108), Mortgage(171260.96012426857, 149060.5120677621, 35, 0x00e4), Mortgage(102294.86502703518, 96265.66199416271, 35, 0x01a4), Mortgage(83975.1166873621, 76237.20818066044, 35, 0x012c), Mortgage(129240.29933526117, 118455.69035160985, 35, 0x0144), Mortgage(298073.7407048573, 237680.86176642295, 35, 0x009c), Mortgage(228087.41998353304, 196527.27012701647, 35, 0x00d8), Mortgage(88513.54942147486, 79448.73134733705, 35, 0x0114), Mortgage(156920.97310978733, 136579.40834235612, 35, 0x00e4), Mortgage(150970.8481508175, 138372.90792929914, 35, 0x0144), Mortgage(69046.6810228895, 50239.10339653602, 35, 0x0078), Mortgage(177295.36713465472, 154312.68278046147, 35, 0x00e4), Mortgage(170540.4720730556, 153075.1420334858, 35, 0x0114), Mortgage(132141.08533494646, 119964.91138445585, 35, 0x012c), Mortgage(133443.49294348306, 124164.58243266828, 35, 0x0174), Mortgage(128344.07368970256, 109329.22474745315, 35, 0x00cc), Mortgage(225449.9942898089, 183506.35456979024, 35, 0x00a8), Mortgage(162005.1627554543, 143424.1599976546, 35, 0x00fc), Mortgage(160777.15465360123, 128202.0099457848, 35, 0x009c), Mortgage(64030.868422173764, 60401.66867003549, 35, 0x01b0), Mortgage(157627.87265383868, 135817.1156954838, 35, 0x00d8), Mortgage(150764.70999838941, 122715.82625995495, 35, 0x00a8), Mortgage(146654.2398006401, 101769.11876377962, 35, 0x006c), Mortgage(213883.10338845613, 195142.14255659244, 35, 0x0138), Mortgage(201723.1683436857, 160851.93005194882, 35, 0x009c), Mortgage(158796.68202005138, 110195.23481735856, 35, 0x006c), Mortgage(222109.27539632807, 177107.59712572952, 35, 0x009c), Mortgage(14507.195419115887, 8669.363807362766, 35, 0x0054), Mortgage(230507.70020318817, 185216.393922049, 34, 0x009c), Mortgage(138070.962000717, 128872.19638910033, 35, 0x0180), Mortgage(113422.31231851311, 101806.54689688701, 35, 0x0114), Mortgage(86150.23188065598, 77788.66232278536, 35, 0x0120), Mortgage(124392.7914536919, 117061.14880181632, 35, 0x01a4), Mortgage(112600.35120226437, 78137.79219696672, 35, 0x006c), Mortgage(149083.2353147391, 130927.85183961948, 35, 0x00f0), Mortgage(172713.78418697667, 151680.66817809964, 35, 0x00f0), Mortgage(74051.45764381028, 59047.85247509657, 35, 0x009c), Mortgage(160078.7365659419, 146720.77786931122, 35, 0x0144), Mortgage(266129.6517776725, 220432.9072726313, 35, 0x00b4), Mortgage(178403.47049741948, 167003.84942530014, 35, 0x018c), Mortgage(83169.20930374449, 68888.34250497624, 35, 0x00b4), Mortgage(193306.03520915084, 171135.0135439809, 35, 0x00fc), Mortgage(210928.00419430653, 177351.30041497998, 35, 0x00c0), Mortgage(79718.34522610033, 75681.66406205767, 35, 0x01d4), Mortgage(180091.4966187416, 165063.54959058287, 35, 0x0144), Mortgage(127924.34471641562, 115508.26314424859, 35, 0x0120), Mortgage(54687.40567005394, 42548.676099340475, 35, 0x0090), Mortgage(153179.4728340808, 91538.61511156366, 35, 0x0054), Mortgage(114408.29125587532, 106452.98168744169, 35, 0x0174), Mortgage(103127.16449501239, 93117.84774209214, 35, 0x0120), Mortgage(106253.68952301666, 99735.92961669715, 35, 0x0198), Mortgage(95210.21348694092, 85459.5790394475, 35, 0x0114), Mortgage(172119.52007240275, 149807.77744229295, 35, 0x00e4), Mortgage(31452.89343289828, 21826.394188046914, 35, 0x006c), Mortgage(290861.0066201648, 231929.50356597258, 35, 0x009c), Mortgage(108598.8198983513, 101659.57486982789, 35, 0x018c), Mortgage(220168.4701429261, 198799.3578682161, 35, 0x0120), Mortgage(181519.3074011478, 152624.04506688542, 35, 0x00c0), Mortgage(115974.22968469402, 108860.19733627896, 35, 0x0198), Mortgage(241392.71105600602, 205629.11243759716, 35, 0x00cc), Mortgage(278021.93469647184, 230283.1831828465, 35, 0x00b4), Mortgage(97495.67972472469, 79357.18441220991, 35, 0x00a8), Mortgage(94641.46636635876, 65675.41888805438, 35, 0x006c), Mortgage(73224.63776651977, 69648.47678531545, 35, 0x01e0), Mortgage(192146.7941550584, 167238.92887292797, 35, 0x00e4), Mortgage(150696.13939392823, 138121.12256815145, 35, 0x0144), Mortgage(277904.57576455554, 239451.29299440424, 35, 0x00d8), Mortgage(101376.34654067428, 94011.4207133609, 35, 0x0168), Mortgage(97349.70620869237, 79238.36840657987, 35, 0x00a8), Mortgage(224536.62404691713, 193467.7930534821, 35, 0x00d8), Mortgage(131129.78107015663, 108613.67261497819, 35, 0x00b4), Mortgage(162414.57547122435, 143786.6155753223, 35, 0x00fc), Mortgage(155784.4776114564, 145830.1644541103, 35, 0x018c), Mortgage(189877.28999558443, 174766.9990039351, 35, 0x0150), Mortgage(158070.58451086257, 142728.56907355264, 35, 0x0120), Mortgage(170983.11048613666, 145651.06418199412, 35, 0x00cc), Mortgage(219753.74068390208, 175229.31855262796, 35, 0x009c), Mortgage(72455.09324216752, 60921.284763826945, 35, 0x00c0), Mortgage(203825.13834274502, 173627.37303267184, 35, 0x00cc), Mortgage(146858.05366774797, 121641.26586475225, 35, 0x00b4), Mortgage(203193.19932072348, 182383.84981679881, 35, 0x0114), Mortgage(43247.26941590068, 11753.794086026663, 35, 0x0030), Mortgage(149667.00829982298, 108899.31555917024, 35, 0x0078), Mortgage(178117.6569738706, 163254.41931945868, 35, 0x0144), Mortgage(154505.5457662198, 100707.90714416576, 35, 0x0060), Mortgage(194097.83441483855, 170460.5648851553, 35, 0x00f0), Mortgage(117494.94142270407, 104774.18923491659, 35, 0x0108), Mortgage(163652.680457922, 130494.92393943755, 35, 0x009c), Mortgage(129413.33900169277, 97723.85074616698, 35, 0x0084), Mortgage(87509.83614939453, 52295.056651828185, 35, 0x0054), Mortgage(107670.31478449688, 87638.88871998056, 35, 0x00a8), Mortgage(61859.75990954389, 55162.42752504275, 35, 0x0108), Mortgage(145004.96858832525, 130931.0757546093, 35, 0x0120), Mortgage(127484.86780181847, 120787.1470249312, 35, 0x01c8), Mortgage(52473.2190973828, 44120.23751624816, 35, 0x00c0), Mortgage(190428.48764357605, 168587.5031102002, 35, 0x00fc), Mortgage(61816.54365630496, 42896.91986727961, 35, 0x006c), Mortgage(159574.64145419907, 143232.3401513757, 35, 0x0114), Mortgage(161408.8255078815, 141752.4294203025, 35, 0x00f0), Mortgage(100025.33073574683, 93070.13140575973, 35, 0x0174), Mortgage(135019.41655395296, 125630.92517238247, 35, 0x0174), Mortgage(176963.93327251408, 154024.21247659644, 35, 0x00e4), Mortgage(133932.4854308742, 110935.12859078498, 35, 0x00b4), Mortgage(143433.90321153862, 129512.49484758194, 35, 0x0120), Mortgage(80014.72309166557, 73934.43888373839, 35, 0x015c), Mortgage(159137.38758788383, 143691.83037316563, 35, 0x0120), Mortgage(83308.53064250224, 78931.71882006971, 35, 0x01c8), Mortgage(127052.17452873987, 115344.91956009231, 35, 0x012c), Mortgage(199801.24342650938, 173901.13681086837, 35, 0x00e4), Mortgage(154303.0760793439, 123039.64787043305, 35, 0x009c), Mortgage(151954.18568292938, 136392.30778036587, 35, 0x0114), Mortgage(128526.20802046722, 117801.1872275605, 35, 0x0144), Mortgage(185064.10527291056, 161074.36439294624, 35, 0x00e4), Mortgage(160198.73952366077, 148025.30658008016, 35, 0x015c), Mortgage(227720.74691824417, 191470.88008388432, 35, 0x00c0), Mortgage(125646.56408137675, 102270.76301964336, 35, 0x00a8), Mortgage(200028.31192467568, 138807.47709751403, 35, 0x006c), Mortgage(128788.7498940719, 121489.14408344841, 35, 0x01b0), Mortgage(139481.30896617175, 121400.43663945973, 35, 0x00e4), Mortgage(118051.92955457629, 104512.09421038868, 35, 0x00fc), Mortgage(57787.65338956732, 54381.68091004083, 35, 0x01a4), Mortgage(220402.1659366895, 196540.0208895626, 35, 0x0108), Mortgage(172210.45835356714, 137318.8059098274, 35, 0x009c), Mortgage(115751.76979721861, 106955.84286347956, 35, 0x015c), Mortgage(139664.64132104014, 128010.16084369285, 35, 0x0144), Mortgage(22590.142517133034, 11865.356959863268, 35, 0x0048), Mortgage(158244.62981082164, 148133.11790182386, 35, 0x018c), Mortgage(167648.58531282024, 150479.4181493737, 35, 0x0114), Mortgage(109313.69724631087, 99240.95878295925, 35, 0x012c), Mortgage(135959.21827600463, 124046.1389159502, 35, 0x0138), Mortgage(218146.07341386512, 189867.93829164424, 35, 0x00e4), Mortgage(92139.23615293784, 55061.54263902585, 35, 0x0054), Mortgage(70949.46285536906, 58766.83136273013, 35, 0x00b4), Mortgage(138426.88743023507, 121569.2359360387, 35, 0x00f0), Mortgage(112289.71008500608, 102450.61094540572, 35, 0x0138), Mortgage(41382.89088840727, 37929.64682181128, 35, 0x0144), Mortgage(205266.52166855734, 184244.83981534836, 35, 0x0114)];House[House(0x004a, Oeiras, NotSocialNeighbourhood, 1.0, 5), House(0x003c, Oeiras, NotSocialNeighbourhood, 1.0, 58), House(0x0017, Oeiras, NotSocialNeighbourhood, 1.0, 20), House(0x0040, Oeiras, NotSocialNeighbourhood, 1.0, 2), House(0x003b, Oeiras, NotSocialNeighbourhood, 1.0, 45), House(0x003e, Oeiras, NotSocialNeighbourhood, 1.0, 27), House(0x004e, Oeiras, NotSocialNeighbourhood, 1.0, 17), House(0x0024, Oeiras, NotSocialNeighbourhood, 1.0, 7), House(0x0035, Oeiras, NotSocialNeighbourhood, 1.0, 74), House(0x00b6, Oeiras, NotSocialNeighbourhood, 1.0, 58), House(0x0043, Oeiras, NotSocialNeighbourhood, 1.0, 20), House(0x0025, Oeiras, NotSocialNeighbourhood, 1.0, 48), House(0x002e, Oeiras, NotSocialNeighbourhood, 1.0, 32), House(0x0017, Oeiras, NotSocialNeighbourhood, 1.0, 8), House(0x0032, Oeiras, NotSocialNeighbourhood, 1.0, 60), House(0x0034, Oeiras, NotSocialNeighbourhood, 1.0, 51), House(0x001d, Oeiras, NotSocialNeighbourhood, 1.0, 24), House(0x002f, Oeiras, NotSocialNeighbourhood, 1.0, 6), House(0x00b0, Oeiras, NotSocialNeighbourhood, 1.0, 94), House(0x002c, Oeiras, NotSocialNeighbourhood, 1.0, 29), House(0x0057, Oeiras, NotSocialNeighbourhood, 1.0, 14), House(0x0030, Oeiras, NotSocialNeighbourhood, 1.0, 14), House(0x004c, Oeiras, NotSocialNeighbourhood, 1.0, 7), House(0x0028, Oeiras, NotSocialNeighbourhood, 1.0, 7), House(0x0027, Oeiras, NotSocialNeighbourhood, 1.0, 17), House(0x0022, Oeiras, NotSocialNeighbourhood, 1.0, 4), House(0x008e, Oeiras, NotSocialNeighbourhood, 1.0, 85), House(0x0037, Oeiras, NotSocialNeighbourhood, 1.0, 37), House(0x0036, Oeiras, NotSocialNeighbourhood, 1.0, 1), House(0x0029, Oeiras, NotSocialNeighbourhood, 1.0, 13), House(0x003f, Oeiras, NotSocialNeighbourhood, 1.0, 52), House(0x0028, Oeiras, NotSocialNeighbourhood, 1.0, 9), House(0x003f, Oeiras, NotSocialNeighbourhood, 1.0, 54), House(0x001c, Oeiras, NotSocialNeighbourhood, 1.0, 7), House(0x0029, Oeiras, NotSocialNeighbourhood, 1.0, 30), House(0x0031, Oeiras, NotSocialNeighbourhood, 1.0, 37), House(0x0023, Oeiras, NotSocialNeighbourhood, 1.0, 61), House(0x0118, Oeiras, NotSocialNeighbourhood, 1.0, 82), House(0x0052, Oeiras, NotSocialNeighbourhood, 1.0, 9), House(0x002d, Oeiras, NotSocialNeighbourhood, 1.0, 19), House(0x0035, Oeiras, NotSocialNeighbourhood, 1.0, 6), House(0x0079, Oeiras, NotSocialNeighbourhood, 1.0, 5), House(0x002c, Oeiras, NotSocialNeighbourhood, 1.0, 42), House(0x0040, Oeiras, NotSocialNeighbourhood, 1.0, 7), House(0x0029, Oeiras, NotSocialNeighbourhood, 1.0, 2), House(0x0033, Oeiras, NotSocialNeighbourhood, 1.0, 18), House(0x002a, Oeiras, NotSocialNeighbourhood, 1.0, 35), House(0x008e, Oeiras, NotSocialNeighbourhood, 1.0, 85), House(0x0033, Oeiras, NotSocialNeighbourhood, 1.0, 42), House(0x003e, Oeiras, NotSocialNeighbourhood, 1.0, 18), House(0x0032, Oeiras, NotSocialNeighbourhood, 1.0, 63), House(0x0032, Oeiras, NotSocialNeighbourhood, 1.0, 2), House(0x0028, Oeiras, NotSocialNeighbourhood, 1.0, 18), House(0x0038, Oeiras, NotSocialNeighbourhood, 1.0, 65), House(0x0035, Oeiras, NotSocialNeighbourhood, 1.0, 14), House(0x003c, Oeiras, NotSocialNeighbourhood, 1.0, 60), House(0x0022, Oeiras, NotSocialNeighbourhood, 1.0, 4), House(0x003a, Oeiras, NotSocialNeighbourhood, 1.0, 56), House(0x0042, Oeiras, NotSocialNeighbourhood, 1.0, 31), House(0x003c, Oeiras, NotSocialNeighbourhood, 1.0, 20), House(0x0051, Oeiras, NotSocialNeighbourhood, 1.0, 14), House(0x0033, Oeiras, NotSocialNeighbourhood, 1.0, 41), House(0x0034, Oeiras, NotSocialNeighbourhood, 1.0, 56), House(0x004b, Oeiras, NotSocialNeighbourhood, 1.0, 11), House(0x003f, Oeiras, NotSocialNeighbourhood, 1.0, 2), House(0x0031, Oeiras, NotSocialNeighbourhood, 1.0, 48), House(0x003e, Oeiras, NotSocialNeighbourhood, 1.0, 36), House(0x0029, Oeiras, NotSocialNeighbourhood, 1.0, 2), House(0x0017, Oeiras, NotSocialNeighbourhood, 1.0, 13), House(0x0042, Oeiras, NotSocialNeighbourhood, 1.0, 57), House(0x002a, Oeiras, NotSocialNeighbourhood, 1.0, 11), House(0x0028, Oeiras, NotSocialNeighbourhood, 1.0, 42), House(0x003a, Oeiras, NotSocialNeighbourhood, 1.0, 85), House(0x0049, Oeiras, NotSocialNeighbourhood, 1.0, 13), House(0x0056, Oeiras, NotSocialNeighbourhood, 1.0, 32), House(0x0050, Oeiras, NotSocialNeighbourhood, 1.0, 82), House(0x00c0, Oeiras, NotSocialNeighbourhood, 1.0, 80), House(0x0038, Oeiras, NotSocialNeighbourhood, 1.0, 22), House(0x006f, Oeiras, NotSocialNeighbourhood, 1.0, 2), House(0x0039, Oeiras, NotSocialNeighbourhood, 1.0, 4), House(0x0030, Oeiras, NotSocialNeighbourhood, 1.0, 12), House(0x0033, Oeiras, NotSocialNeighbourhood, 1.0, 57), House(0x00ae, Oeiras, NotSocialNeighbourhood, 1.0, 51), House(0x0062, Oeiras, NotSocialNeighbourhood, 1.0, 10), House(0x001a, Oeiras, NotSocialNeighbourhood, 1.0, 47), House(0x002d, Oeiras, NotSocialNeighbourhood, 1.0, 7), House(0x0072, Oeiras, NotSocialNeighbourhood, 1.0, 66), House(0x0064, Oeiras, NotSocialNeighbourhood, 1.0, 78), House(0x0062, Oeiras, NotSocialNeighbourhood, 1.0, 29), House(0x0070, Oeiras, NotSocialNeighbourhood, 1.0, 1), House(0x0058, Oeiras, NotSocialNeighbourhood, 1.0, 27), House(0x005d, Oeiras, NotSocialNeighbourhood, 1.0, 32), House(0x0059, Oeiras, NotSocialNeighbourhood, 1.0, 17), House(0x0067, Oeiras, NotSocialNeighbourhood, 1.0, 76), House(0x0031, Oeiras, NotSocialNeighbourhood, 1.0, 48), House(0x0029, Oeiras, NotSocialNeighbourhood, 1.0, 63), House(0x0021, Oeiras, NotSocialNeighbourhood, 1.0, 58), House(0x0030, Oeiras, NotSocialNeighbourhood, 1.0, 2), House(0x0028, Oeiras, NotSocialNeighbourhood, 1.0, 95), House(0x0027, Oeiras, NotSocialNeighbourhood, 1.0, 13), House(0x002f, Oeiras, NotSocialNeighbourhood, 1.0, 1), House(0x003d, Oeiras, NotSocialNeighbourhood, 1.0, 73), House(0x003c, Oeiras, NotSocialNeighbourhood, 1.0, 36), House(0x003c, Oeiras, NotSocialNeighbourhood, 1.0, 20), House(0x0044, Oeiras, NotSocialNeighbourhood, 1.0, 85), House(0x003f, Oeiras, NotSocialNeighbourhood, 1.0, 15), House(0x003f, Oeiras, NotSocialNeighbourhood, 1.0, 57), House(0x004a, Oeiras, NotSocialNeighbourhood, 1.0, 6), House(0x003e, Oeiras, NotSocialNeighbourhood, 1.0, 7), House(0x008b, Oeiras, NotSocialNeighbourhood, 1.0, 69), House(0x009d, Oeiras, NotSocialNeighbourhood, 1.0, 9), House(0x007d, Oeiras, NotSocialNeighbourhood, 1.0, 84), House(0x008e, Oeiras, NotSocialNeighbourhood, 1.0, 15)];Dict{HouseLocation, Float64}(Oeiras => 5.087633246737967)
2;144;7.240541020360527e9;3.359996487384099e8;4.402050306742153e9;4.848748459942821e9;2297.533329658564;Dict{HouseLocation, Int64}(Oeiras => 267);Dict{HouseLocation, Int64}(Oeiras => 5955);Dict{HouseLocation, Int64}(Oeiras => 98);Dict{HouseLocation, Int64}(Oeiras => 5387);1838.6664300008172;0.2;0.15;1.0;1.0;180;10;86;111;73118;9.167461600720178e6;1.837793114028182e7;8.878500975677958e7;1.46026e8;0.0;2.1575522965085683e6;2.3970847972915947e8;1.509234699723841e8;1.0414160979492997e8;Dict{Any, Any}(Oeiras => Transaction[Transaction(0x0033, 98298.81602320554, Oeiras), Transaction(0x0058, 165942.5133243362, Oeiras), Transaction(0x0042, 155546.20151944514, Oeiras), Transaction(0x0021, 71388.81712544296, Oeiras), Transaction(0x005d, 179694.2669856134, Oeiras), Transaction(0x006b, 258734.89471807695, Oeiras), Transaction(0x0045, 151276.8608671322, Oeiras), Transaction(0x0036, 116790.0584845047, Oeiras), Transaction(0x002e, 147362.36773193674, Oeiras), Transaction(0x003f, 111836.81497761887, Oeiras), Transaction(0x0045, 161188.630912784, Oeiras), Transaction(0x007c, 298522.01740028756, Oeiras), Transaction(0x0074, 252454.74967791964, Oeiras), Transaction(0x0060, 262166.43576108833, Oeiras), Transaction(0x0043, 96029.3973223471, Oeiras), Transaction(0x0032, 120838.8081429641, Oeiras), Transaction(0x005d, 274591.49348735856, Oeiras), Transaction(0x0062, 146964.56277972474, Oeiras), Transaction(0x0042, 154814.94217356254, Oeiras), Transaction(0x005d, 227074.89555093093, Oeiras), Transaction(0x0051, 193753.82574056223, Oeiras), Transaction(0x0038, 164085.8582076864, Oeiras), Transaction(0x0065, 235438.00185459468, Oeiras), Transaction(0x004e, 149575.51520666172, Oeiras), Transaction(0x0059, 152025.61788938395, Oeiras), Transaction(0x0067, 339383.10789322626, Oeiras), Transaction(0x005d, 260866.97657097416, Oeiras), Transaction(0x0063, 257229.80145097582, Oeiras), Transaction(0x002a, 125941.33552163241, Oeiras), Transaction(0x0053, 207016.16803258922, Oeiras), Transaction(0x0027, 111899.92757665241, Oeiras), Transaction(0x0054, 121634.7715205923, Oeiras), Transaction(0x0067, 255923.31449715083, Oeiras), Transaction(0x0031, 137781.34861602818, Oeiras), Transaction(0x006d, 296464.3143571738, Oeiras), Transaction(0x0093, 378163.4599219745, Oeiras), Transaction(0x006d, 227104.4483798437, Oeiras), Transaction(0x0050, 175647.3081104389, Oeiras), Transaction(0x0051, 117705.23288987987, Oeiras), Transaction(0x0066, 202125.30663662284, Oeiras), Transaction(0x004b, 175892.32599121676, Oeiras), Transaction(0x003f, 98291.74659045303, Oeiras), Transaction(0x0077, 263534.79288461525, Oeiras), Transaction(0x0054, 206615.6376958797, Oeiras), Transaction(0x0032, 111214.80453290413, Oeiras), Transaction(0x0032, 97110.53608777036, Oeiras), Transaction(0x003a, 114361.45444892028, Oeiras), Transaction(0x0039, 179488.40463714578, Oeiras), Transaction(0x0049, 215938.1589741531, Oeiras), Transaction(0x003b, 157863.03325588946, Oeiras), Transaction(0x0040, 189642.9118268356, Oeiras), Transaction(0x0029, 68082.34993709778, Oeiras), Transaction(0x003c, 109552.91304687581, Oeiras), Transaction(0x0037, 141121.54012584023, Oeiras), Transaction(0x002c, 80670.82562678237, Oeiras), Transaction(0x0054, 164107.5179020468, Oeiras), Transaction(0x0038, 128865.52769332982, Oeiras), Transaction(0x00ae, 332318.22101958795, Oeiras), Transaction(0x0033, 167538.9280373283, Oeiras), Transaction(0x0069, 250427.20073368514, Oeiras), Transaction(0x0031, 91398.23205287622, Oeiras), Transaction(0x004a, 168395.39402663903, Oeiras), Transaction(0x004a, 206009.9251840797, Oeiras), Transaction(0x0036, 139821.77660532584, Oeiras), Transaction(0x0059, 162627.92502511275, Oeiras), Transaction(0x002c, 125414.50520989254, Oeiras), Transaction(0x0094, 408756.52054497733, Oeiras), Transaction(0x003f, 137272.3972669099, Oeiras), Transaction(0x008e, 377744.8308427912, Oeiras), Transaction(0x0050, 222998.42087778568, Oeiras), Transaction(0x0072, 273367.2220712142, Oeiras), Transaction(0x0039, 144693.0483658607, Oeiras), Transaction(0x0051, 149705.2968614745, Oeiras), Transaction(0x002a, 97500.19447585735, Oeiras), Transaction(0x0037, 91504.32334322418, Oeiras), Transaction(0x002c, 73629.13139808549, Oeiras), Transaction(0x001f, 74150.24213146114, Oeiras), Transaction(0x0042, 172263.4201994275, Oeiras), Transaction(0x002f, 147658.52650434725, Oeiras), Transaction(0x0032, 103728.48725545267, Oeiras), Transaction(0x003f, 139975.54085342368, Oeiras), Transaction(0x0036, 107774.18192998033, Oeiras), Transaction(0x0029, 90848.09106124705, Oeiras), Transaction(0x0026, 107895.87239067392, Oeiras), Transaction(0x001f, 72791.133344821, Oeiras), Transaction(0x0040, 193720.22293812377, Oeiras), Transaction(0x0028, 113853.50097258728, Oeiras), Transaction(0x0095, 308164.9532935561, Oeiras), Transaction(0x0052, 109683.94948332664, Oeiras), Transaction(0x008e, 251312.4414624098, Oeiras), Transaction(0x009d, 261470.70635716495, Oeiras), Transaction(0x006b, 204103.247745493, Oeiras), Transaction(0x005b, 175321.05815930988, Oeiras), Transaction(0x004a, 168103.45685205108, Oeiras), Transaction(0x0053, 180180.0922761722, Oeiras), Transaction(0x0035, 162421.84196826658, Oeiras), Transaction(0x004b, 224329.0187583245, Oeiras), Transaction(0x0038, 154842.8893881988, Oeiras), Transaction(0x0033, 122355.32351571717, Oeiras), Transaction(0x0035, 132739.1911821179, Oeiras), Transaction(0x0075, 319575.3647414121, Oeiras), Transaction(0x002c, 109690.34689416598, Oeiras), Transaction(0x0056, 164187.47567870578, Oeiras), Transaction(0x002c, 124689.51304894262, Oeiras), Transaction(0x0028, 89176.70860904887, Oeiras), Transaction(0x002c, 114475.38673672064, Oeiras), Transaction(0x0050, 248789.63455887316, Oeiras), Transaction(0x0056, 199224.07783765788, Oeiras), Transaction(0x0064, 251912.6498737616, Oeiras), Transaction(0x0025, 72909.82604065031, Oeiras), Transaction(0x001a, 50377.09407406012, Oeiras), Transaction(0x003d, 148459.00373865064, Oeiras), Transaction(0x0081, 283369.3838584972, Oeiras), Transaction(0x0056, 192381.5011853902, Oeiras), Transaction(0x0063, 193330.4755750407, Oeiras), Transaction(0x003a, 138613.85218740432, Oeiras), Transaction(0x003c, 148298.1373630855, Oeiras), Transaction(0x0066, 250861.12494675713, Oeiras), Transaction(0x003f, 187617.190723678, Oeiras), Transaction(0x003c, 163374.40063620044, Oeiras), Transaction(0x003f, 125155.56535959199, Oeiras), Transaction(0x0062, 184978.84989381357, Oeiras), Transaction(0x0081, 320037.5866750362, Oeiras), Transaction(0x0048, 152967.00808683125, Oeiras), Transaction(0x002e, 152886.42886452144, Oeiras), Transaction(0x0044, 114177.78233186765, Oeiras), Transaction(0x0025, 79647.18588338779, Oeiras), Transaction(0x0040, 157665.96930248922, Oeiras), Transaction(0x002a, 81175.69887843031, Oeiras), Transaction(0x007d, 309014.4230899191, Oeiras), Transaction(0x002b, 103778.6909113705, Oeiras), Transaction(0x0050, 204174.68647652667, Oeiras), Transaction(0x004e, 131434.6577134405, Oeiras), Transaction(0x0083, 247899.34782041333, Oeiras)]);Dict{Any, Any}(Oeiras => Transaction[Transaction(0x00a3, 1955.8967852056635, Oeiras), Transaction(0x0090, 1679.0000614379346, Oeiras), Transaction(0x00fb, 2482.577114577326, Oeiras), Transaction(0x008c, 1586.6994125072342, Oeiras), Transaction(0x008d, 1516.2949464186968, Oeiras), Transaction(0x0075, 1351.8639506577176, Oeiras), Transaction(0x006e, 1207.7953274298575, Oeiras), Transaction(0x0070, 1232.6055221206057, Oeiras), Transaction(0x0070, 1240.7735983758291, Oeiras), Transaction(0x0063, 1134.8973124560603, Oeiras), Transaction(0x005d, 1100.9716113671418, Oeiras), Transaction(0x005d, 1083.5024874496185, Oeiras), Transaction(0x0077, 1352.7201490507587, Oeiras), Transaction(0x0065, 1170.8524889014666, Oeiras), Transaction(0x0077, 1206.5823463919178, Oeiras), Transaction(0x0060, 1017.2405753305524, Oeiras), Transaction(0x0061, 1042.4310099596692, Oeiras), Transaction(0x0063, 1080.4992925812992, Oeiras), Transaction(0x005e, 1035.3015616309565, Oeiras), Transaction(0x005d, 1019.375139757003, Oeiras), Transaction(0x0069, 1112.1722649547426, Oeiras), Transaction(0x0055, 961.4339540584793, Oeiras), Transaction(0x0051, 976.9529840854381, Oeiras), Transaction(0x0073, 1104.2571293247865, Oeiras), Transaction(0x005a, 971.2146170036546, Oeiras), Transaction(0x004a, 890.3202452171997, Oeiras), Transaction(0x0014, 242.0945970086189, Oeiras), Transaction(0x003c, 704.1200239858673, Oeiras), Transaction(0x0095, 1273.452674482632, Oeiras), Transaction(0x0061, 912.9894214111365, Oeiras), Transaction(0x002c, 466.5704128680486, Oeiras), Transaction(0x0044, 750.6244767348446, Oeiras), Transaction(0x006f, 992.5032177789506, Oeiras), Transaction(0x0043, 759.4485323779496, Oeiras), Transaction(0x002e, 495.8909970015699, Oeiras), Transaction(0x0033, 487.0058763639255, Oeiras), Transaction(0x0040, 700.3019903605422, Oeiras), Transaction(0x004a, 709.0644374218359, Oeiras), Transaction(0x0034, 438.14593288816627, Oeiras), Transaction(0x004d, 730.7812548392408, Oeiras), Transaction(0x002a, 446.09158900075573, Oeiras), Transaction(0x0055, 784.8432669186574, Oeiras), Transaction(0x0042, 658.0548937182808, Oeiras), Transaction(0x0057, 783.1176698822205, Oeiras), Transaction(0x005a, 837.542638476074, Oeiras), Transaction(0x0037, 472.8332917983432, Oeiras), Transaction(0x004e, 736.2531789922114, Oeiras), Transaction(0x0040, 418.98001808667783, Oeiras), Transaction(0x0039, 432.28391458097144, Oeiras), Transaction(0x002c, 490.35889565266854, Oeiras), Transaction(0x0048, 672.7115276266163, Oeiras), Transaction(0x003e, 616.9489039548446, Oeiras), Transaction(0x0049, 442.5987215379471, Oeiras), Transaction(0x003c, 516.0455949197523, Oeiras), Transaction(0x0040, 569.2317645437657, Oeiras), Transaction(0x0035, 364.4067087674863, Oeiras), Transaction(0x0079, 926.4804074998963, Oeiras), Transaction(0x004d, 666.2425197958811, Oeiras), Transaction(0x005d, 757.6311258093781, Oeiras), Transaction(0x001f, 189.61209916370154, Oeiras)]);Dict{HouseLocation, Dict{SizeInterval, Int64}}(Oeiras => Dict(LessThan75 => 1, LessThan125 => 4, More => 2, LessThan50 => 4));Dict{HouseLocation, Dict{SizeInterval, Int64}}(Oeiras => Dict(LessThan75 => 55, LessThan125 => 20, More => 15, LessThan50 => 43));Dict{HouseLocation, Dict{SizeInterval, Int64}}(Oeiras => Dict(LessThan75 => 303, LessThan125 => 634, More => 640, LessThan50 => 296));House[House(0x003f, Oeiras, NotSocialNeighbourhood, 1.0, 15), House(0x0044, Oeiras, NotSocialNeighbourhood, 1.0, 85), House(0x0027, Oeiras, NotSocialNeighbourhood, 1.0, 13), House(0x003e, Oeiras, NotSocialNeighbourhood, 1.0, 7), House(0x004a, Oeiras, NotSocialNeighbourhood, 1.0, 6), House(0x0030, Oeiras, NotSocialNeighbourhood, 1.0, 2), House(0x003c, Oeiras, NotSocialNeighbourhood, 1.0, 20), House(0x0059, Oeiras, NotSocialNeighbourhood, 1.0, 17), House(0x0070, Oeiras, NotSocialNeighbourhood, 1.0, 1), House(0x008b, Oeiras, NotSocialNeighbourhood, 1.0, 69), House(0x0031, Oeiras, NotSocialNeighbourhood, 1.0, 48), House(0x003f, Oeiras, NotSocialNeighbourhood, 1.0, 57), House(0x002f, Oeiras, NotSocialNeighbourhood, 1.0, 1), House(0x004b, Oeiras, NotSocialNeighbourhood, 1.0, 21), House(0x0038, Oeiras, NotSocialNeighbourhood, 1.0, 25), House(0x001a, Oeiras, NotSocialNeighbourhood, 1.0, 83), House(0x0031, Oeiras, NotSocialNeighbourhood, 1.0, 38), House(0x002c, Oeiras, NotSocialNeighbourhood, 1.0, 52), House(0x0028, Oeiras, NotSocialNeighbourhood, 1.0, 20), House(0x0078, Oeiras, NotSocialNeighbourhood, 1.0, 16), House(0x0070, Oeiras, NotSocialNeighbourhood, 1.0, 60), House(0x0078, Oeiras, NotSocialNeighbourhood, 1.0, 6), House(0x0082, Oeiras, NotSocialNeighbourhood, 1.0, 58), House(0x0080, Oeiras, NotSocialNeighbourhood, 1.0, 12)];Mortgage[Mortgage(85050.30291238066, 80908.58574619431, 34, 0x01d4), Mortgage(140365.6482102724, 128497.89316917965, 34, 0x0138), Mortgage(39755.43104547773, 36219.769620431536, 34, 0x012c), Mortgage(45719.87290733757, 37488.285446068614, 34, 0x00a8), Mortgage(148374.45134253806, 129783.31600288472, 34, 0x00e4), Mortgage(219435.91187453666, 185647.45546705276, 34, 0x00c0), Mortgage(122234.27193088652, 111363.3295534726, 34, 0x012c), Mortgage(68344.5637881564, 52137.40784322859, 34, 0x0084), Mortgage(131059.13588923754, 118778.85637259217, 34, 0x0120), Mortgage(127450.73668402882, 77737.40086681054, 34, 0x0054), Mortgage(217288.35532330716, 152855.08598547606, 34, 0x006c), Mortgage(66137.89518676893, 62231.19675939431, 34, 0x0198), Mortgage(76109.3681998922, 71009.26776240914, 34, 0x0174), Mortgage(104791.8829645971, 98601.9326611693, 34, 0x0198), Mortgage(50087.385041024565, 46579.76714659444, 34, 0x0168), Mortgage(124117.39733649274, 110364.17385337397, 34, 0x00fc), Mortgage(134845.34103856838, 126546.05801238843, 34, 0x018c), Mortgage(193740.81990482562, 172272.75135735294, 34, 0x00fc), Mortgage(164600.92878980283, 143976.63588442063, 34, 0x00e4), Mortgage(140183.68628551622, 127716.40725001812, 34, 0x012c), Mortgage(201955.36005729868, 180836.33936260646, 34, 0x0108), Mortgage(130027.04553164086, 108425.45296722662, 34, 0x00b4), Mortgage(116584.10444360365, 101976.26027264474, 34, 0x00e4), Mortgage(214083.32462212167, 187258.9486867766, 34, 0x00e4), Mortgage(225851.177164725, 197552.30385266137, 34, 0x00e4), Mortgage(222224.5142378081, 190385.32570132025, 34, 0x00cc), Mortgage(106267.34606926255, 94492.05436308704, 34, 0x00fc), Mortgage(178709.52807844177, 162815.94151432297, 34, 0x012c), Mortgage(96789.55326899086, 91297.59733544642, 34, 0x01a4), Mortgage(104313.00522470249, 96670.15531409181, 34, 0x015c), Mortgage(222316.55716157722, 197682.06304346913, 34, 0x00fc), Mortgage(113690.45824319714, 105360.53709147156, 34, 0x015c), Mortgage(260241.79262661585, 227633.8177092498, 34, 0x00e4), Mortgage(164798.54002795747, 150865.01192390404, 34, 0x0138), Mortgage(197477.00249347824, 164669.84509584375, 34, 0x00b4), Mortgage(148575.72706832353, 129959.37212903694, 34, 0x00e4), Mortgage(83874.8025399199, 69940.55291146734, 34, 0x00b4), Mortgage(175726.57036094644, 161580.7906867264, 34, 0x0144), Mortgage(150848.7064724506, 135930.7830591195, 34, 0x0114), Mortgage(84153.66403625482, 72895.71587158462, 34, 0x00d8), Mortgage(46250.307359100756, 24961.863384489487, 34, 0x0048), Mortgage(175252.68816772682, 148267.50710112337, 34, 0x00c0), Mortgage(92775.96313466395, 86820.82087161174, 34, 0x0180), Mortgage(84905.58067888774, 80449.18495595476, 34, 0x01bc), Mortgage(98735.69072301831, 93553.40109822927, 34, 0x01bc), Mortgage(155249.00100567134, 143874.15075662866, 34, 0x015c), Mortgage(181610.87142573216, 161486.900449202, 34, 0x00fc), Mortgage(132120.18476629004, 123988.62606057982, 34, 0x018c), Mortgage(164722.25964336004, 150072.63507756838, 34, 0x012c), Mortgage(52120.82417722877, 31790.6157939181, 34, 0x0054), Mortgage(80986.32572596987, 72977.32231480873, 34, 0x0114), Mortgage(108941.01365237824, 89326.8409748569, 34, 0x00a8), Mortgage(63659.74877356732, 57998.149536739606, 34, 0x012c), Mortgage(140989.88390821323, 131939.96636539095, 34, 0x0180), Mortgage(97407.11484059694, 87774.20572863877, 34, 0x0114), Mortgage(290444.4600323344, 242192.47628113045, 34, 0x00b4), Mortgage(136158.51945869392, 127034.51618442533, 34, 0x0174), Mortgage(206304.25966572, 145128.1422948443, 34, 0x006c), Mortgage(79947.1667597736, 76053.9583687578, 34, 0x01d4), Mortgage(121977.52283963808, 93051.90498705048, 34, 0x0084), Mortgage(177923.11259648486, 154120.83135481417, 34, 0x00d8), Mortgage(121565.29648911383, 114667.53501777982, 34, 0x01a4), Mortgage(119918.6196989303, 107378.40382953173, 34, 0x0108), Mortgage(88558.77521928579, 78745.73810185326, 34, 0x00fc), Mortgage(247540.40415274014, 232918.44340112768, 34, 0x0198), Mortgage(116966.61667670202, 109933.69702349696, 33, 0x018c), Mortgage(117100.15596222784, 109253.25654921784, 34, 0x0174), Mortgage(172002.09278675087, 131213.70251639117, 34, 0x0084), Mortgage(234579.44296751998, 195608.4002105842, 34, 0x00b4), Mortgage(123731.85893090972, 116711.16409480911, 34, 0x01a4), Mortgage(128100.82020058716, 116708.13455766508, 34, 0x012c), Mortgage(84606.77343003063, 80486.65493672207, 34, 0x01d4), Mortgage(77668.40259507045, 73886.1637871773, 34, 0x01d4), Mortgage(56856.50388276272, 50910.86479803015, 34, 0x0108), Mortgage(60746.31900401561, 57557.95807380492, 34, 0x01bc), Mortgage(143717.34938061776, 130935.8029364688, 34, 0x012c), Mortgage(112341.47107361173, 99893.11660232898, 34, 0x00fc), Mortgage(64901.52925047191, 52172.90058981255, 34, 0x009c), Mortgage(116687.78013912939, 108138.2499239409, 34, 0x015c), Mortgage(93148.14394984553, 87645.97750723206, 34, 0x0198), Mortgage(78769.38074943819, 75070.74641611273, 34, 0x01e0), Mortgage(85629.04716392412, 74173.72450624107, 34, 0x00d8), Mortgage(53778.277705419874, 50726.833398003044, 34, 0x01a4), Mortgage(154821.36297548516, 141052.27768448912, 34, 0x012c), Mortgage(98224.16066055976, 92650.80337417993, 34, 0x01a4), Mortgage(270693.2747860995, 236775.7420737843, 34, 0x00e4), Mortgage(75655.74978300725, 62034.388180605216, 34, 0x00a8), Mortgage(218426.37936712554, 175588.12417090862, 34, 0x009c), Mortgage(227876.94351166187, 199324.2441804848, 34, 0x00e4), Mortgage(171957.1145768907, 152902.85887189372, 34, 0x00fc), Mortgage(149937.5548671694, 131150.5645881153, 34, 0x00e4), Mortgage(145381.95183902726, 137451.25375783737, 34, 0x01b0), Mortgage(154639.7569776958, 142771.30315362866, 34, 0x0150), Mortgage(136476.34965470282, 124937.43035887757, 34, 0x0138), Mortgage(193797.4120744446, 178196.9511594663, 34, 0x0144), Mortgage(131796.11117320674, 123684.49812115866, 34, 0x018c), Mortgage(105771.5427480616, 98364.36515712323, 34, 0x0168), Mortgage(113174.0692401061, 104488.06739226489, 34, 0x0150), Mortgage(278750.6958327106, 228563.31370050227, 34, 0x00a8), Mortgage(83819.53162652825, 77678.20631029116, 34, 0x015c), Mortgage(141390.0136626424, 127407.4914087022, 34, 0x0114), Mortgage(102775.42666539099, 95888.42955983082, 34, 0x0174), Mortgage(73725.9439031891, 66434.94346677384, 34, 0x0114), Mortgage(92640.11006539933, 86938.4188754211, 34, 0x018c), Mortgage(207568.57930213935, 187041.44160600824, 34, 0x0114), Mortgage(173032.8921316441, 161926.18459646445, 34, 0x0180), Mortgage(216523.46547562792, 187557.2882012883, 34, 0x00d8), Mortgage(63883.64732106314, 60110.10503007593, 34, 0x0198), Mortgage(109064.21503555303, 58863.30689039969, 34, 0x0048), Mortgage(235061.99293656793, 184545.36858288443, 34, 0x0090), Mortgage(163332.46650807877, 145233.89239888612, 34, 0x00fc), Mortgage(166761.3835342832, 141083.68251503783, 34, 0x00c0), Mortgage(111275.85793451365, 101379.50545910183, 34, 0x012c), Mortgage(127941.60135707699, 117642.45478950521, 34, 0x0144), Mortgage(156547.5849056846, 142624.9775391086, 34, 0x012c), Mortgage(139630.67292526475, 131707.860216898, 34, 0x01a4), Mortgage(90777.02398818784, 80094.09535054782, 34, 0x00f0), Mortgage(159566.32155671538, 141885.0671327358, 34, 0x00fc), Mortgage(279872.6612164572, 236778.23272306833, 34, 0x00c0), Mortgage(128814.38061546041, 117358.2342586947, 34, 0x012c), Mortgage(87047.11645432413, 76803.13518749071, 34, 0x00f0), Mortgage(67723.28670330613, 64543.32424856412, 34, 0x01e0), Mortgage(124058.86012343135, 103448.7713573992, 34, 0x00b4), Mortgage(65403.39320681464, 60611.38940203918, 34, 0x015c), Mortgage(269910.9002193452, 236091.3980731094, 34, 0x00e4), Mortgage(79374.6826285407, 71074.25641261268, 34, 0x0108), Mortgage(177500.14408713364, 160868.32846554264, 34, 0x0120), Mortgage(114108.37234020529, 107633.72573449915, 34, 0x01a4), Mortgage(214111.2508028177, 190385.97178687225, 34, 0x00fc)];House[House(0x0040, Oeiras, NotSocialNeighbourhood, 1.0, 2), House(0x004e, Oeiras, NotSocialNeighbourhood, 1.0, 17), House(0x002d, Oeiras, NotSocialNeighbourhood, 1.0, 19), House(0x0033, Oeiras, NotSocialNeighbourhood, 1.0, 42), House(0x003f, Oeiras, NotSocialNeighbourhood, 1.0, 15), House(0x002f, Oeiras, NotSocialNeighbourhood, 1.0, 14), House(0x0062, Oeiras, NotSocialNeighbourhood, 1.0, 1), House(0x002f, Oeiras, NotSocialNeighbourhood, 1.0, 6), House(0x0043, Oeiras, NotSocialNeighbourhood, 1.0, 29), House(0x0027, Oeiras, NotSocialNeighbourhood, 1.0, 17), House(0x003f, Oeiras, NotSocialNeighbourhood, 1.0, 2), House(0x003d, Oeiras, NotSocialNeighbourhood, 1.0, 65), House(0x0032, Oeiras, NotSocialNeighbourhood, 1.0, 36), House(0x0118, Oeiras, NotSocialNeighbourhood, 1.0, 82), House(0x00ba, Oeiras, NotSocialNeighbourhood, 1.0, 73), House(0x002a, Oeiras, NotSocialNeighbourhood, 1.0, 81), House(0x0079, Oeiras, NotSocialNeighbourhood, 1.0, 5), House(0x0028, Oeiras, NotSocialNeighbourhood, 1.0, 7), House(0x0032, Oeiras, NotSocialNeighbourhood, 1.0, 71), House(0x003d, Oeiras, NotSocialNeighbourhood, 1.0, 41), House(0x003d, Oeiras, NotSocialNeighbourhood, 1.0, 25), House(0x0039, Oeiras, NotSocialNeighbourhood, 1.0, 43), House(0x002e, Oeiras, NotSocialNeighbourhood, 1.0, 32), House(0x0023, Oeiras, NotSocialNeighbourhood, 1.0, 61), House(0x0033, Oeiras, NotSocialNeighbourhood, 1.0, 18), House(0x0044, Oeiras, NotSocialNeighbourhood, 1.0, 85), House(0x0027, Oeiras, NotSocialNeighbourhood, 1.0, 13), House(0x0054, Oeiras, NotSocialNeighbourhood, 1.0, 55), House(0x002b, Oeiras, NotSocialNeighbourhood, 1.0, 56), House(0x0042, Oeiras, NotSocialNeighbourhood, 1.0, 76), House(0x0028, Oeiras, NotSocialNeighbourhood, 1.0, 18), House(0x001d, Oeiras, NotSocialNeighbourhood, 1.0, 24), House(0x003e, Oeiras, NotSocialNeighbourhood, 1.0, 18), House(0x002a, Oeiras, NotSocialNeighbourhood, 1.0, 11), House(0x003e, Oeiras, NotSocialNeighbourhood, 1.0, 7), House(0x00ca, Oeiras, NotSocialNeighbourhood, 1.0, 92), House(0x0030, Oeiras, NotSocialNeighbourhood, 1.0, 12), House(0x0028, Oeiras, NotSocialNeighbourhood, 1.0, 9), House(0x0017, Oeiras, NotSocialNeighbourhood, 1.0, 20), House(0x001c, Oeiras, NotSocialNeighbourhood, 1.0, 7), House(0x0029, Oeiras, NotSocialNeighbourhood, 1.0, 2), House(0x0022, Oeiras, NotSocialNeighbourhood, 1.0, 4), House(0x003c, Oeiras, NotSocialNeighbourhood, 1.0, 60), House(0x0033, Oeiras, NotSocialNeighbourhood, 1.0, 57), House(0x004a, Oeiras, NotSocialNeighbourhood, 1.0, 6), House(0x011f, Oeiras, NotSocialNeighbourhood, 1.0, 37), House(0x0030, Oeiras, NotSocialNeighbourhood, 1.0, 2), House(0x002e, Oeiras, NotSocialNeighbourhood, 1.0, 27), House(0x008e, Oeiras, NotSocialNeighbourhood, 1.0, 85), House(0x0035, Oeiras, NotSocialNeighbourhood, 1.0, 6), House(0x0017, Oeiras, NotSocialNeighbourhood, 1.0, 13), House(0x0040, Oeiras, NotSocialNeighbourhood, 1.0, 7), House(0x0035, Oeiras, NotSocialNeighbourhood, 1.0, 14), House(0x003c, Oeiras, NotSocialNeighbourhood, 1.0, 20), House(0x0047, Oeiras, NotSocialNeighbourhood, 1.0, 4), House(0x0039, Oeiras, NotSocialNeighbourhood, 1.0, 4), House(0x0043, Oeiras, NotSocialNeighbourhood, 1.0, 29), House(0x004d, Oeiras, NotSocialNeighbourhood, 1.0, 44), House(0x002c, Oeiras, NotSocialNeighbourhood, 1.0, 47), House(0x0063, Oeiras, NotSocialNeighbourhood, 1.0, 6), House(0x0045, Oeiras, NotSocialNeighbourhood, 1.0, 13), House(0x004a, Oeiras, NotSocialNeighbourhood, 1.0, 5), House(0x002d, Oeiras, NotSocialNeighbourhood, 1.0, 7), House(0x00bb, Oeiras, NotSocialNeighbourhood, 1.0, 44), House(0x0029, Oeiras, NotSocialNeighbourhood, 1.0, 30), House(0x0034, Oeiras, NotSocialNeighbourhood, 1.0, 56), House(0x0028, Oeiras, NotSocialNeighbourhood, 1.0, 42), House(0x0059, Oeiras, NotSocialNeighbourhood, 1.0, 17), House(0x00f9, Oeiras, NotSocialNeighbourhood, 1.0, 15), House(0x003f, Oeiras, NotSocialNeighbourhood, 1.0, 91), House(0x0030, Oeiras, NotSocialNeighbourhood, 1.0, 98), House(0x004e, Oeiras, NotSocialNeighbourhood, 1.0, 2), House(0x0030, Oeiras, NotSocialNeighbourhood, 1.0, 14), House(0x0022, Oeiras, NotSocialNeighbourhood, 1.0, 4), House(0x003a, Oeiras, NotSocialNeighbourhood, 1.0, 85), House(0x0031, Oeiras, NotSocialNeighbourhood, 1.0, 37), House(0x0026, Oeiras, NotSocialNeighbourhood, 1.0, 15), House(0x0024, Oeiras, NotSocialNeighbourhood, 1.0, 7), House(0x00b6, Oeiras, NotSocialNeighbourhood, 1.0, 58), House(0x004b, Oeiras, NotSocialNeighbourhood, 1.0, 11), House(0x0057, Oeiras, NotSocialNeighbourhood, 1.0, 14), House(0x00c0, Oeiras, NotSocialNeighbourhood, 1.0, 80), House(0x0055, Oeiras, NotSocialNeighbourhood, 1.0, 4), House(0x0070, Oeiras, NotSocialNeighbourhood, 1.0, 1), House(0x002c, Oeiras, NotSocialNeighbourhood, 1.0, 68), House(0x004a, Oeiras, NotSocialNeighbourhood, 1.0, 23), House(0x0034, Oeiras, NotSocialNeighbourhood, 1.0, 51), House(0x0036, Oeiras, NotSocialNeighbourhood, 1.0, 1), House(0x008b, Oeiras, NotSocialNeighbourhood, 1.0, 69), House(0x006f, Oeiras, NotSocialNeighbourhood, 1.0, 2), House(0x003f, Oeiras, NotSocialNeighbourhood, 1.0, 3), House(0x0046, Oeiras, NotSocialNeighbourhood, 1.0, 88), House(0x006e, Oeiras, NotSocialNeighbourhood, 1.0, 6), House(0x0029, Oeiras, NotSocialNeighbourhood, 1.0, 63), House(0x0059, Oeiras, NotSocialNeighbourhood, 1.0, 8), House(0x0042, Oeiras, NotSocialNeighbourhood, 1.0, 31), House(0x003e, Oeiras, NotSocialNeighbourhood, 1.0, 27), House(0x0038, Oeiras, NotSocialNeighbourhood, 1.0, 22), House(0x0069, Oeiras, NotSocialNeighbourhood, 1.0, 20), House(0x0036, Oeiras, NotSocialNeighbourhood, 1.0, 80), House(0x0030, Oeiras, NotSocialNeighbourhood, 1.0, 43), House(0x0086, Oeiras, NotSocialNeighbourhood, 1.0, 2), House(0x00b9, Oeiras, NotSocialNeighbourhood, 1.0, 25), House(0x004d, Oeiras, NotSocialNeighbourhood, 1.0, 24), House(0x0029, Oeiras, NotSocialNeighbourhood, 1.0, 13), House(0x0017, Oeiras, NotSocialNeighbourhood, 1.0, 8), House(0x00b0, Oeiras, NotSocialNeighbourhood, 1.0, 94), House(0x0032, Oeiras, NotSocialNeighbourhood, 1.0, 16), House(0x0032, Oeiras, NotSocialNeighbourhood, 1.0, 39), House(0x005c, Oeiras, NotSocialNeighbourhood, 1.0, 1), House(0x0038, Oeiras, NotSocialNeighbourhood, 1.0, 38), House(0x0082, Oeiras, NotSocialNeighbourhood, 1.0, 2), House(0x0035, Oeiras, NotSocialNeighbourhood, 1.0, 74), House(0x003c, Oeiras, NotSocialNeighbourhood, 1.0, 20), House(0x003b, Oeiras, NotSocialNeighbourhood, 1.0, 45), House(0x0078, Oeiras, NotSocialNeighbourhood, 1.0, 95), House(0x0031, Oeiras, NotSocialNeighbourhood, 1.0, 48), House(0x003e, Oeiras, NotSocialNeighbourhood, 1.0, 36), House(0x003f, Oeiras, NotSocialNeighbourhood, 1.0, 57), House(0x003a, Oeiras, NotSocialNeighbourhood, 1.0, 17), House(0x003f, Oeiras, NotSocialNeighbourhood, 1.0, 28), House(0x004c, Oeiras, NotSocialNeighbourhood, 1.0, 7), House(0x0049, Oeiras, NotSocialNeighbourhood, 1.0, 13), House(0x002c, Oeiras, NotSocialNeighbourhood, 1.0, 74), House(0x002f, Oeiras, NotSocialNeighbourhood, 1.0, 1), House(0x0029, Oeiras, NotSocialNeighbourhood, 1.0, 2), House(0x0032, Oeiras, NotSocialNeighbourhood, 1.0, 2), House(0x003c, Oeiras, NotSocialNeighbourhood, 1.0, 58), House(0x0035, Oeiras, NotSocialNeighbourhood, 1.0, 31), House(0x0028, Oeiras, NotSocialNeighbourhood, 1.0, 53), House(0x002c, Oeiras, NotSocialNeighbourhood, 1.0, 77), House(0x00b2, Oeiras, NotSocialNeighbourhood, 1.0, 58), House(0x0048, Oeiras, NotSocialNeighbourhood, 1.0, 1), House(0x004b, Oeiras, NotSocialNeighbourhood, 1.0, 21), House(0x0038, Oeiras, NotSocialNeighbourhood, 1.0, 25), House(0x001a, Oeiras, NotSocialNeighbourhood, 1.0, 83), House(0x0031, Oeiras, NotSocialNeighbourhood, 1.0, 38), House(0x002c, Oeiras, NotSocialNeighbourhood, 1.0, 52), House(0x0028, Oeiras, NotSocialNeighbourhood, 1.0, 20), House(0x0078, Oeiras, NotSocialNeighbourhood, 1.0, 16), House(0x0070, Oeiras, NotSocialNeighbourhood, 1.0, 60), House(0x0078, Oeiras, NotSocialNeighbourhood, 1.0, 6), House(0x0082, Oeiras, NotSocialNeighbourhood, 1.0, 58), House(0x0080, Oeiras, NotSocialNeighbourhood, 1.0, 12)];Dict{HouseLocation, Float64}(Oeiras => 5.105380278734583)
3;141;7.208878357865689e9;3.2368949684043294e8;4.411831333190311e9;4.833231988570798e9;2272.8077027427407;Dict{HouseLocation, Int64}(Oeiras => 268);Dict{HouseLocation, Int64}(Oeiras => 5997);Dict{HouseLocation, Int64}(Oeiras => 112);Dict{HouseLocation, Int64}(Oeiras => 5407);1792.1598704045564;0.2;0.15;1.0;1.0;162;6;86;105;73213;9.176019749937002e6;1.830746799544883e7;8.889158225858264e7;1.46026e8;0.0;2.1741381997124893e6;2.3998729219322366e8;1.510957099346439e8;1.0374231864087664e8;Dict{Any, Any}(Oeiras => Transaction[Transaction(0x0032, 123818.63969377139, Oeiras), Transaction(0x004e, 104147.33993882102, Oeiras), Transaction(0x0017, 31521.171397765345, Oeiras), Transaction(0x0069, 165329.50176913908, Oeiras), Transaction(0x0049, 186184.7331382794, Oeiras), Transaction(0x0056, 206376.97705718118, Oeiras), Transaction(0x004e, 145761.9791770685, Oeiras), Transaction(0x004d, 121428.65390910464, Oeiras), Transaction(0x0038, 98916.38542879139, Oeiras), Transaction(0x0040, 141059.66540659583, Oeiras), Transaction(0x0026, 98556.72954603386, Oeiras), Transaction(0x0076, 193845.07959618393, Oeiras), Transaction(0x0044, 178168.67680840095, Oeiras), Transaction(0x0039, 113540.16240311376, Oeiras), Transaction(0x0043, 108066.435321207, Oeiras), Transaction(0x0042, 174015.95360817798, Oeiras), Transaction(0x004b, 130975.97710265694, Oeiras), Transaction(0x0076, 275599.53336515336, Oeiras), Transaction(0x002a, 116870.43417156517, Oeiras), Transaction(0x0045, 136737.68645079972, Oeiras), Transaction(0x003f, 100355.19872976514, Oeiras), Transaction(0x004c, 214767.9150864048, Oeiras), Transaction(0x0046, 197733.28145351488, Oeiras), Transaction(0x003f, 134183.08730673688, Oeiras), Transaction(0x0031, 99890.98192559827, Oeiras), Transaction(0x0015, 37140.815812363806, Oeiras), Transaction(0x0051, 170234.9250178997, Oeiras), Transaction(0x003d, 113566.06619371465, Oeiras), Transaction(0x0038, 99178.79044477186, Oeiras), Transaction(0x004e, 179203.63825368648, Oeiras), Transaction(0x0078, 395253.4396166454, Oeiras), Transaction(0x0030, 139825.651497849, Oeiras), Transaction(0x0029, 98763.41745090808, Oeiras), Transaction(0x002c, 107747.25209753237, Oeiras), Transaction(0x006e, 136769.83910271878, Oeiras), Transaction(0x004c, 150395.50092811103, Oeiras), Transaction(0x0046, 165448.3614768695, Oeiras), Transaction(0x0019, 69361.78238238461, Oeiras), Transaction(0x004b, 163169.08915721564, Oeiras), Transaction(0x0050, 263249.8730575874, Oeiras), Transaction(0x00a1, 234748.41986008393, Oeiras), Transaction(0x003e, 101612.10989365671, Oeiras), Transaction(0x0039, 181057.73819136168, Oeiras), Transaction(0x0046, 162811.31490126348, Oeiras), Transaction(0x005b, 249660.236556307, Oeiras), Transaction(0x0032, 83873.14407560312, Oeiras), Transaction(0x002e, 74600.56179543391, Oeiras), Transaction(0x0023, 77285.54681922476, Oeiras), Transaction(0x002c, 92448.14379508857, Oeiras), Transaction(0x0057, 201992.42721744144, Oeiras), Transaction(0x0051, 193414.7004776794, Oeiras), Transaction(0x0034, 140065.3223650782, Oeiras), Transaction(0x005c, 188134.53075313993, Oeiras), Transaction(0x00ba, 461136.88562351407, Oeiras), Transaction(0x0055, 162738.58589564057, Oeiras), Transaction(0x0030, 150248.23628707835, Oeiras), Transaction(0x003d, 138944.26830061534, Oeiras), Transaction(0x002b, 90744.41652206055, Oeiras), Transaction(0x008b, 339877.15092372586, Oeiras), Transaction(0x002a, 117609.80607689742, Oeiras), Transaction(0x0042, 92219.29001243778, Oeiras), Transaction(0x0054, 237945.94635450785, Oeiras), Transaction(0x0028, 60839.99123908758, Oeiras), Transaction(0x0028, 77558.10729713732, Oeiras), Transaction(0x0045, 151297.40526315142, Oeiras), Transaction(0x003f, 192568.0913577726, Oeiras), Transaction(0x001a, 68987.47488831161, Oeiras), Transaction(0x0014, 41440.55016341302, Oeiras), Transaction(0x003c, 90752.81720288811, Oeiras), Transaction(0x002d, 75554.70317113605, Oeiras), Transaction(0x0063, 230554.44831523506, Oeiras), Transaction(0x0037, 143419.7900508994, Oeiras), Transaction(0x0033, 89719.566738045, Oeiras), Transaction(0x004e, 178369.9731936375, Oeiras), Transaction(0x0044, 184412.79816512077, Oeiras), Transaction(0x006d, 260395.6889523768, Oeiras), Transaction(0x0032, 86265.30702812398, Oeiras), Transaction(0x0054, 197125.60437913655, Oeiras), Transaction(0x0036, 147919.26519909926, Oeiras), Transaction(0x0042, 176886.8673567988, Oeiras), Transaction(0x003e, 190863.21809778738, Oeiras), Transaction(0x00cb, 298669.22687633656, Oeiras), Transaction(0x0029, 54638.33154209074, Oeiras), Transaction(0x0052, 151786.8838852826, Oeiras), Transaction(0x0033, 96270.14068459527, Oeiras), Transaction(0x0063, 133408.02846111447, Oeiras), Transaction(0x004d, 156494.1371304233, Oeiras), Transaction(0x003f, 109685.71624785224, Oeiras), Transaction(0x0034, 147913.7873435608, Oeiras), Transaction(0x0048, 139129.12096672493, Oeiras), Transaction(0x0027, 113693.5241130526, Oeiras), Transaction(0x0059, 148971.2060045254, Oeiras), Transaction(0x0059, 113770.26380592388, Oeiras), Transaction(0x0091, 269455.9178620754, Oeiras), Transaction(0x0035, 121866.38390305721, Oeiras), Transaction(0x0080, 220961.75694154738, Oeiras), Transaction(0x0058, 250636.26925747053, Oeiras), Transaction(0x0028, 61745.707548315535, Oeiras), Transaction(0x0053, 225184.5493735238, Oeiras), Transaction(0x003f, 133640.5565685713, Oeiras), Transaction(0x0062, 206648.35468217288, Oeiras), Transaction(0x00bb, 377199.4733966479, Oeiras), Transaction(0x0070, 256298.78408724288, Oeiras), Transaction(0x003f, 139689.40616825322, Oeiras), Transaction(0x005e, 182505.96657711704, Oeiras), Transaction(0x0067, 318199.6863202959, Oeiras), Transaction(0x005e, 255402.59498595924, Oeiras), Transaction(0x0053, 147011.7681297444, Oeiras), Transaction(0x0027, 88929.19827846212, Oeiras), Transaction(0x002c, 114089.20751968438, Oeiras), Transaction(0x002a, 126374.46997665748, Oeiras), Transaction(0x004a, 213244.26886077446, Oeiras), Transaction(0x0049, 140890.044301007, Oeiras), Transaction(0x003a, 150307.55557525894, Oeiras), Transaction(0x0041, 174428.4659380462, Oeiras), Transaction(0x002c, 59272.61351978193, Oeiras), Transaction(0x004f, 252023.98447886328, Oeiras), Transaction(0x0033, 123331.55340789135, Oeiras), Transaction(0x0078, 212653.231049504, Oeiras), Transaction(0x004d, 247175.72431906345, Oeiras), Transaction(0x004a, 110896.6994801018, Oeiras), Transaction(0x002a, 117735.63049786307, Oeiras), Transaction(0x0039, 127175.92282219729, Oeiras), Transaction(0x0059, 196617.6590447986, Oeiras), Transaction(0x0029, 65481.22191716059, Oeiras), Transaction(0x003a, 155045.60908461438, Oeiras), Transaction(0x0082, 288453.4454735218, Oeiras), Transaction(0x0047, 142639.54100416147, Oeiras), Transaction(0x0023, 107102.88650436299, Oeiras), Transaction(0x0035, 102097.26613857262, Oeiras), Transaction(0x0039, 135071.74986689072, Oeiras), Transaction(0x0042, 127921.58565841819, Oeiras)]);Dict{Any, Any}(Oeiras => Transaction[Transaction(0x007f, 1599.6443941926066, Oeiras), Transaction(0x00cb, 2117.629262918504, Oeiras), Transaction(0x006f, 1364.9903401289828, Oeiras), Transaction(0x0074, 1260.952923104896, Oeiras), Transaction(0x0066, 1256.5147963234326, Oeiras), Transaction(0x0053, 1032.1463289564733, Oeiras), Transaction(0x0053, 1037.470389037162, Oeiras), Transaction(0x0040, 787.0354226497703, Oeiras), Transaction(0x0040, 759.5391762333412, Oeiras), Transaction(0x0063, 1025.2390570557272, Oeiras), Transaction(0x004e, 790.0489928472082, Oeiras), Transaction(0x0070, 1160.5073929678904, Oeiras), Transaction(0x0076, 1131.7169293119146, Oeiras), Transaction(0x0045, 885.3130455700149, Oeiras), Transaction(0x003f, 774.1660031184776, Oeiras), Transaction(0x0042, 714.9831894349456, Oeiras), Transaction(0x0032, 599.6427939341556, Oeiras), Transaction(0x004a, 868.9590679498964, Oeiras), Transaction(0x002c, 501.62195067969134, Oeiras), Transaction(0x0021, 410.1637472307466, Oeiras), Transaction(0x0016, 285.91437440638236, Oeiras), Transaction(0x002a, 521.7168165328078, Oeiras), Transaction(0x0029, 514.2158592585564, Oeiras), Transaction(0x0035, 658.5476235997754, Oeiras), Transaction(0x0040, 698.1677902714869, Oeiras), Transaction(0x0047, 721.3109659514693, Oeiras), Transaction(0x0019, 306.60862880355717, Oeiras), Transaction(0x0049, 837.7148728253487, Oeiras), Transaction(0x005e, 954.8899864337227, Oeiras), Transaction(0x0022, 376.86614144324466, Oeiras), Transaction(0x0030, 555.8180243732834, Oeiras), Transaction(0x0061, 962.2123275318487, Oeiras), Transaction(0x0045, 774.9462218287857, Oeiras), Transaction(0x004e, 797.0089953329477, Oeiras), Transaction(0x0043, 642.5697599841185, Oeiras), Transaction(0x004d, 831.544835076367, Oeiras), Transaction(0x0026, 408.04370598604345, Oeiras), Transaction(0x0047, 789.7709184819247, Oeiras), Transaction(0x0067, 982.5197694305998, Oeiras), Transaction(0x0045, 750.7133664658146, Oeiras), Transaction(0x0053, 878.8455757981695, Oeiras), Transaction(0x0034, 424.85008294398716, Oeiras), Transaction(0x0053, 839.2903251072357, Oeiras), Transaction(0x0048, 445.5458032583109, Oeiras), Transaction(0x005e, 855.8799512997267, Oeiras), Transaction(0x0053, 846.6068893181165, Oeiras), Transaction(0x005a, 887.6300484860591, Oeiras), Transaction(0x0037, 612.658266437727, Oeiras), Transaction(0x0039, 526.2611453902945, Oeiras), Transaction(0x0026, 403.3522668982589, Oeiras), Transaction(0x0047, 718.485018181698, Oeiras), Transaction(0x0076, 1007.0993901492888, Oeiras), Transaction(0x004d, 770.2772662324824, Oeiras), Transaction(0x0032, 487.44415694109364, Oeiras), Transaction(0x0038, 539.5209725165548, Oeiras), Transaction(0x003c, 561.7671059410002, Oeiras), Transaction(0x0045, 615.1355357772575, Oeiras), Transaction(0x0032, 426.67555267651727, Oeiras)]);Dict{HouseLocation, Dict{SizeInterval, Int64}}(Oeiras => Dict(LessThan75 => 0, LessThan125 => 2, More => 3, LessThan50 => 0));Dict{HouseLocation, Dict{SizeInterval, Int64}}(Oeiras => Dict(LessThan75 => 52, LessThan125 => 22, More => 16, LessThan50 => 46));Dict{HouseLocation, Dict{SizeInterval, Int64}}(Oeiras => Dict(LessThan75 => 320, LessThan125 => 605, More => 677, LessThan50 => 301));House[House(0x002f, Oeiras, NotSocialNeighbourhood, 1.0, 1), House(0x0070, Oeiras, NotSocialNeighbourhood, 1.0, 1), House(0x0030, Oeiras, NotSocialNeighbourhood, 1.0, 2), House(0x003f, Oeiras, NotSocialNeighbourhood, 1.0, 15), House(0x0078, Oeiras, NotSocialNeighbourhood, 1.0, 6), House(0x0027, Oeiras, NotSocialNeighbourhood, 1.0, 13), House(0x003e, Oeiras, NotSocialNeighbourhood, 1.0, 7), House(0x004a, Oeiras, NotSocialNeighbourhood, 1.0, 6), House(0x0031, Oeiras, NotSocialNeighbourhood, 1.0, 38), House(0x0028, Oeiras, NotSocialNeighbourhood, 1.0, 20), House(0x003c, Oeiras, NotSocialNeighbourhood, 1.0, 20), House(0x005b, Oeiras, NotSocialNeighbourhood, 1.0, 73), House(0x006f, Oeiras, NotSocialNeighbourhood, 1.0, 1), House(0x008d, Oeiras, NotSocialNeighbourhood, 1.0, 67), House(0x0085, Oeiras, NotSocialNeighbourhood, 1.0, 76), House(0x007d, Oeiras, NotSocialNeighbourhood, 1.0, 36)];Mortgage[Mortgage(107312.87537044511, 98990.39390835016, 33, 0x0144), Mortgage(139786.49278722933, 126454.03587854283, 33, 0x0114), Mortgage(179203.86407895535, 148013.80861341459, 33, 0x00a8), Mortgage(123846.77818213502, 116515.42448926698, 33, 0x018c), Mortgage(94526.87002741464, 67396.47557893586, 33, 0x006c), Mortgage(85238.02526372658, 76639.08170592671, 33, 0x0108), Mortgage(116581.59275406337, 107963.79302870718, 33, 0x0150), Mortgage(84066.00431691782, 79480.67082482365, 33, 0x01a4), Mortgage(167677.3620916772, 154673.40769381291, 33, 0x0144), Mortgage(127028.09834232515, 94595.79763246876, 33, 0x0078), Mortgage(82357.65634764428, 75970.5376925083, 33, 0x0144), Mortgage(54919.51802264633, 25194.075404845848, 33, 0x003c), Mortgage(149325.35706048727, 139695.71872158156, 33, 0x0174), Mortgage(113596.94232766093, 107868.6985578149, 33, 0x01bc), Mortgage(233275.05379036517, 189037.1965305988, 33, 0x009c), Mortgage(84484.22913024478, 77932.1874637749, 33, 0x0144), Mortgage(118021.82050751007, 99072.44345350239, 33, 0x00b4), Mortgage(86186.46558240497, 80106.08594293606, 33, 0x015c), Mortgage(183252.17651296468, 167542.42139980372, 33, 0x012c), Mortgage(164992.24427731495, 147350.43244278716, 33, 0x00fc), Mortgage(112874.72142318093, 103198.25118546459, 33, 0x012c), Mortgage(3647.2758974903845, 1673.1709835064175, 33, 0x003c), Mortgage(147177.65164959166, 138088.69358981273, 33, 0x0180), Mortgage(98353.09454413538, 91414.36989051635, 33, 0x015c), Mortgage(86658.5884882483, 82452.12811837561, 33, 0x01c8), Mortgage(153114.7397975512, 103095.98682024675, 33, 0x0060), Mortgage(254606.52602510437, 232779.73929777707, 33, 0x012c), Mortgage(115660.87333636174, 105745.55319739452, 33, 0x012c), Mortgage(85086.30251135374, 80445.31742119821, 33, 0x01a4), Mortgage(77616.13446300519, 70603.91658374495, 33, 0x0120), Mortgage(116259.0249145818, 106786.54887743281, 33, 0x0138), Mortgage(121068.48689613171, 113901.59962199886, 33, 0x018c), Mortgage(134294.05963474145, 122781.36259528904, 33, 0x012c), Mortgage(32981.5356326306, 25415.15207133302, 33, 0x0084), Mortgage(138218.68757206728, 124274.97302227507, 33, 0x0108), Mortgage(71035.26988066037, 57564.27039601927, 33, 0x009c), Mortgage(202784.22292535155, 172614.9396618245, 33, 0x00c0), Mortgage(85630.24851743379, 80108.15675535289, 33, 0x0174), Mortgage(150811.6524906676, 136427.64572386123, 33, 0x0114), Mortgage(129013.97939707965, 102197.85997260259, 33, 0x0090), Mortgage(146063.01170372957, 137416.52435893385, 33, 0x018c), Mortgage(72164.44728436957, 68065.65006801795, 33, 0x0198), Mortgage(55029.966202305775, 50312.38352812354, 33, 0x012c), Mortgage(60026.645737916246, 54880.71010565698, 33, 0x012c), Mortgage(78832.457543222, 74165.81512255763, 33, 0x018c), Mortgage(175255.3484919354, 162891.23719583478, 33, 0x015c), Mortgage(163245.79899139085, 129314.44626701772, 33, 0x0090), Mortgage(121124.56246134911, 113313.52652330324, 33, 0x0174), Mortgage(154131.09810969795, 132799.69652575935, 33, 0x00cc), Mortgage(298475.16513551114, 285021.84222781326, 33, 0x01e0), Mortgage(138030.90089968636, 129506.80056808387, 33, 0x0180), Mortgage(122897.02938309079, 113812.3877939254, 33, 0x0150), Mortgage(118309.29222168622, 108166.9296927337, 33, 0x012c), Mortgage(75752.20550882492, 72337.78782614159, 33, 0x01e0), Mortgage(298720.82502581883, 250758.73188950523, 33, 0x00b4), Mortgage(100779.61494477034, 95496.33676648949, 33, 0x01b0), Mortgage(54111.09871033257, 38580.53632499041, 33, 0x006c), Mortgage(202274.45809225374, 179298.3173718141, 33, 0x00f0), Mortgage(51401.85439473463, 48809.862513950764, 33, 0x01bc), Mortgage(66124.14944865493, 60455.48992890877, 33, 0x012c), Mortgage(130286.9675071592, 103206.2519408891, 33, 0x0090), Mortgage(166962.4318931701, 151038.0075500153, 33, 0x0114), Mortgage(54863.642335981785, 52200.527908904885, 33, 0x01c8), Mortgage(78282.92836361662, 73234.64786329454, 33, 0x0174), Mortgage(38534.2169856447, 33201.16695664671, 33, 0x00cc), Mortgage(193234.56947711649, 162209.16501254356, 33, 0x00b4), Mortgage(124447.6022424098, 115667.93293189627, 33, 0x015c), Mortgage(73546.97721754745, 69369.65504805229, 33, 0x0198), Mortgage(154034.35450275047, 134134.44463574557, 33, 0x00d8), Mortgage(160076.0389214372, 148243.09675908874, 33, 0x0150), Mortgage(143618.80065071658, 118622.25059743942, 33, 0x00a8), Mortgage(65641.97318172682, 61010.989482237244, 33, 0x015c), Mortgage(170635.72447550966, 158597.52360654724, 33, 0x015c), Mortgage(117510.99863266907, 105656.30770644658, 33, 0x0108), Mortgage(153343.63045924366, 142525.37167364403, 33, 0x015c), Mortgage(154335.90973319032, 139615.76886011817, 33, 0x0114), Mortgage(262807.99695990625, 239064.6483914046, 33, 0x0120), Mortgage(39473.50323945502, 35907.27558475682, 33, 0x0120), Mortgage(132136.75381656113, 123976.64662546775, 33, 0x0180), Mortgage(71813.35393346695, 65656.97300737354, 33, 0x012c), Mortgage(113515.81488444217, 99783.68275775363, 33, 0x00e4), Mortgage(135700.83979632804, 119284.96097201832, 33, 0x00e4), Mortgage(95162.23434360568, 85562.12125530989, 33, 0x0108), Mortgage(125892.24394163428, 119025.52145100328, 33, 0x01a4), Mortgage(119228.87153702251, 112456.90853924665, 33, 0x0198), Mortgage(97418.32953222464, 92104.70088081413, 33, 0x01a4), Mortgage(122551.9277550645, 110188.70011804625, 33, 0x0108), Mortgage(93649.75827555887, 88740.25624412436, 33, 0x01b0), Mortgage(232725.32199579902, 211699.78812779405, 33, 0x0120), Mortgage(105409.5632194577, 97234.6901411517, 33, 0x0144), Mortgage(190356.0701036875, 141755.1275711782, 33, 0x0078), Mortgage(217778.28135066121, 198103.13559949587, 33, 0x0120), Mortgage(52682.29363816319, 48965.60397658593, 33, 0x015c), Mortgage(194626.73744012497, 179532.76657426218, 33, 0x0144), Mortgage(113855.03066444468, 101681.07039016351, 33, 0x00fc), Mortgage(173986.84640365277, 157392.4524382375, 33, 0x0114), Mortgage(163554.12514594628, 153006.9072788989, 33, 0x0174), Mortgage(221142.42729662644, 203124.3306808727, 33, 0x0138), Mortgage(105731.86041132973, 93721.8907574418, 33, 0x00f0), Mortgage(158522.36471604367, 145606.38419557945, 33, 0x0138), Mortgage(126632.17689345009, 97581.14566645118, 33, 0x0084), Mortgage(119236.47898928744, 100092.07849415619, 33, 0x00b4), Mortgage(68121.02134549887, 64685.9481109362, 33, 0x01bc), Mortgage(99170.16707019591, 91839.43313225803, 33, 0x0150), Mortgage(100597.40827861239, 83088.64104289492, 33, 0x00a8), Mortgage(180972.83704476687, 155926.59841978096, 33, 0x00cc), Mortgage(122661.68477252219, 115400.48501561029, 33, 0x018c), Mortgage(130767.82857736354, 124173.72503904867, 33, 0x01bc), Mortgage(143679.62344587062, 125117.45550919142, 33, 0x00d8), Mortgage(34734.80516868732, 32494.839913413736, 33, 0x0174), Mortgage(219537.92930567372, 184289.30339751314, 33, 0x00b4), Mortgage(107268.27455834475, 101859.16043211575, 33, 0x01bc), Mortgage(181538.90057537242, 168731.49018476214, 33, 0x015c), Mortgage(62501.316282390704, 52466.21426893343, 33, 0x00b4), Mortgage(87604.21213155704, 58986.108791712424, 33, 0x0060), Mortgage(84733.73427613243, 68664.98289835721, 33, 0x009c), Mortgage(110484.02854368956, 103359.1754173039, 33, 0x0174), Mortgage(169723.24042006288, 151575.56636088435, 33, 0x00fc), Mortgage(40567.17927435864, 34952.77178072563, 33, 0x00cc), Mortgage(132173.8587232385, 124964.50904488078, 33, 0x01a4), Mortgage(252173.4045344838, 225209.7386242717, 33, 0x00fc), Mortgage(123459.99953349597, 111684.71931216422, 33, 0x0114), Mortgage(86503.57841348015, 81785.2887967878, 33, 0x01a4), Mortgage(71068.0335762523, 65556.46387928752, 33, 0x0144), Mortgage(94866.17267317402, 63875.768593751156, 33, 0x0060), Mortgage(92011.63436206855, 61953.736498808925, 33, 0x0060)];House[House(0x0029, Oeiras, NotSocialNeighbourhood, 1.0, 2), House(0x0038, Oeiras, NotSocialNeighbourhood, 1.0, 22), House(0x004c, Oeiras, NotSocialNeighbourhood, 1.0, 17), House(0x002d, Oeiras, NotSocialNeighbourhood, 1.0, 26), House(0x0031, Oeiras, NotSocialNeighbourhood, 1.0, 83), House(0x002f, Oeiras, NotSocialNeighbourhood, 1.0, 14), House(0x0062, Oeiras, NotSocialNeighbourhood, 1.0, 1), House(0x0082, Oeiras, NotSocialNeighbourhood, 1.0, 2), House(0x0017, Oeiras, NotSocialNeighbourhood, 1.0, 13), House(0x003c, Oeiras, NotSocialNeighbourhood, 1.0, 58), House(0x0022, Oeiras, NotSocialNeighbourhood, 1.0, 4), House(0x003a, Oeiras, NotSocialNeighbourhood, 1.0, 17), House(0x0033, Oeiras, NotSocialNeighbourhood, 1.0, 18), House(0x00ba, Oeiras, NotSocialNeighbourhood, 1.0, 73), House(0x0022, Oeiras, NotSocialNeighbourhood, 1.0, 4), House(0x0045, Oeiras, NotSocialNeighbourhood, 1.0, 13), House(0x004a, Oeiras, NotSocialNeighbourhood, 1.0, 5), House(0x0028, Oeiras, NotSocialNeighbourhood, 1.0, 9), House(0x0034, Oeiras, NotSocialNeighbourhood, 1.0, 56), House(0x0086, Oeiras, NotSocialNeighbourhood, 1.0, 2), House(0x00b9, Oeiras, NotSocialNeighbourhood, 1.0, 25), House(0x002f, Oeiras, NotSocialNeighbourhood, 1.0, 1), House(0x0088, Oeiras, NotSocialNeighbourhood, 1.0, 93), House(0x001c, Oeiras, NotSocialNeighbourhood, 1.0, 1), House(0x004e, Oeiras, NotSocialNeighbourhood, 1.0, 41), House(0x0034, Oeiras, NotSocialNeighbourhood, 1.0, 76), House(0x0030, Oeiras, NotSocialNeighbourhood, 1.0, 14), House(0x002f, Oeiras, NotSocialNeighbourhood, 1.0, 6), House(0x0070, Oeiras, NotSocialNeighbourhood, 1.0, 1), House(0x0035, Oeiras, NotSocialNeighbourhood, 1.0, 6), House(0x0040, Oeiras, NotSocialNeighbourhood, 1.0, 2), House(0x0028, Oeiras, NotSocialNeighbourhood, 1.0, 53), House(0x0035, Oeiras, NotSocialNeighbourhood, 1.0, 83), House(0x0048, Oeiras, NotSocialNeighbourhood, 1.0, 1), House(0x0031, Oeiras, NotSocialNeighbourhood, 1.0, 29), House(0x0029, Oeiras, NotSocialNeighbourhood, 1.0, 1), House(0x0035, Oeiras, NotSocialNeighbourhood, 1.0, 31), House(0x0030, Oeiras, NotSocialNeighbourhood, 1.0, 2), House(0x0024, Oeiras, NotSocialNeighbourhood, 1.0, 7), House(0x002a, Oeiras, NotSocialNeighbourhood, 1.0, 11), House(0x004b, Oeiras, NotSocialNeighbourhood, 1.0, 11), House(0x0043, Oeiras, NotSocialNeighbourhood, 1.0, 82), House(0x005c, Oeiras, NotSocialNeighbourhood, 1.0, 1), House(0x0039, Oeiras, NotSocialNeighbourhood, 1.0, 4), House(0x003b, Oeiras, NotSocialNeighbourhood, 1.0, 45), House(0x0024, Oeiras, NotSocialNeighbourhood, 1.0, 15), House(0x001f, Oeiras, NotSocialNeighbourhood, 1.0, 27), House(0x0044, Oeiras, NotSocialNeighbourhood, 1.0, 72), House(0x004e, Oeiras, NotSocialNeighbourhood, 1.0, 17), House(0x003f, Oeiras, NotSocialNeighbourhood, 1.0, 15), House(0x003e, Oeiras, NotSocialNeighbourhood, 1.0, 27), House(0x006f, Oeiras, NotSocialNeighbourhood, 1.0, 2), House(0x002b, Oeiras, NotSocialNeighbourhood, 1.0, 66), House(0x0029, Oeiras, NotSocialNeighbourhood, 1.0, 2), House(0x0078, Oeiras, NotSocialNeighbourhood, 1.0, 6), House(0x0033, Oeiras, NotSocialNeighbourhood, 1.0, 3), House(0x002a, Oeiras, NotSocialNeighbourhood, 1.0, 81), House(0x0027, Oeiras, NotSocialNeighbourhood, 1.0, 13), House(0x0034, Oeiras, NotSocialNeighbourhood, 1.0, 51), House(0x0029, Oeiras, NotSocialNeighbourhood, 1.0, 36), House(0x0055, Oeiras, NotSocialNeighbourhood, 1.0, 4), House(0x003f, Oeiras, NotSocialNeighbourhood, 1.0, 2), House(0x003d, Oeiras, NotSocialNeighbourhood, 1.0, 25), House(0x003f, Oeiras, NotSocialNeighbourhood, 1.0, 3), House(0x001d, Oeiras, NotSocialNeighbourhood, 1.0, 24), House(0x004d, Oeiras, NotSocialNeighbourhood, 1.0, 24), House(0x004d, Oeiras, NotSocialNeighbourhood, 1.0, 28), House(0x0044, Oeiras, NotSocialNeighbourhood, 1.0, 35), House(0x0032, Oeiras, NotSocialNeighbourhood, 1.0, 16), House(0x008e, Oeiras, NotSocialNeighbourhood, 1.0, 85), House(0x003e, Oeiras, NotSocialNeighbourhood, 1.0, 7), House(0x0078, Oeiras, NotSocialNeighbourhood, 1.0, 95), House(0x0032, Oeiras, NotSocialNeighbourhood, 1.0, 39), House(0x0040, Oeiras, NotSocialNeighbourhood, 1.0, 52), House(0x0047, Oeiras, NotSocialNeighbourhood, 1.0, 38), House(0x0057, Oeiras, NotSocialNeighbourhood, 1.0, 14), House(0x00f9, Oeiras, NotSocialNeighbourhood, 1.0, 15), House(0x0017, Oeiras, NotSocialNeighbourhood, 1.0, 8), House(0x00b2, Oeiras, NotSocialNeighbourhood, 1.0, 58), House(0x00b6, Oeiras, NotSocialNeighbourhood, 1.0, 58), House(0x003e, Oeiras, NotSocialNeighbourhood, 1.0, 18), House(0x011f, Oeiras, NotSocialNeighbourhood, 1.0, 37), House(0x002c, Oeiras, NotSocialNeighbourhood, 1.0, 68), House(0x0118, Oeiras, NotSocialNeighbourhood, 1.0, 82), House(0x0031, Oeiras, NotSocialNeighbourhood, 1.0, 37), House(0x001f, Oeiras, NotSocialNeighbourhood, 1.0, 15), House(0x0032, Oeiras, NotSocialNeighbourhood, 1.0, 32), House(0x0049, Oeiras, NotSocialNeighbourhood, 1.0, 10), House(0x003c, Oeiras, NotSocialNeighbourhood, 1.0, 60), House(0x0028, Oeiras, NotSocialNeighbourhood, 1.0, 7), House(0x002d, Oeiras, NotSocialNeighbourhood, 1.0, 19), House(0x0033, Oeiras, NotSocialNeighbourhood, 1.0, 18), House(0x002e, Oeiras, NotSocialNeighbourhood, 1.0, 27), House(0x0054, Oeiras, NotSocialNeighbourhood, 1.0, 4), House(0x00ae, Oeiras, NotSocialNeighbourhood, 1.0, 64), House(0x0030, Oeiras, NotSocialNeighbourhood, 1.0, 72), House(0x004c, Oeiras, NotSocialNeighbourhood, 1.0, 17), House(0x0036, Oeiras, NotSocialNeighbourhood, 1.0, 39), House(0x0079, Oeiras, NotSocialNeighbourhood, 1.0, 5), House(0x004a, Oeiras, NotSocialNeighbourhood, 1.0, 6), House(0x0026, Oeiras, NotSocialNeighbourhood, 1.0, 15), House(0x00c0, Oeiras, NotSocialNeighbourhood, 1.0, 80), House(0x006e, Oeiras, NotSocialNeighbourhood, 1.0, 6), House(0x0031, Oeiras, NotSocialNeighbourhood, 1.0, 38), House(0x0028, Oeiras, NotSocialNeighbourhood, 1.0, 20), House(0x0044, Oeiras, NotSocialNeighbourhood, 1.0, 58), House(0x00ca, Oeiras, NotSocialNeighbourhood, 1.0, 92), House(0x0032, Oeiras, NotSocialNeighbourhood, 1.0, 2), House(0x002e, Oeiras, NotSocialNeighbourhood, 1.0, 8), House(0x002d, Oeiras, NotSocialNeighbourhood, 1.0, 7), House(0x003b, Oeiras, NotSocialNeighbourhood, 1.0, 41), House(0x003c, Oeiras, NotSocialNeighbourhood, 1.0, 20), House(0x0058, Oeiras, NotSocialNeighbourhood, 1.0, 79), House(0x004c, Oeiras, NotSocialNeighbourhood, 1.0, 7), House(0x0042, Oeiras, NotSocialNeighbourhood, 1.0, 31), House(0x0047, Oeiras, NotSocialNeighbourhood, 1.0, 4), House(0x0061, Oeiras, NotSocialNeighbourhood, 1.0, 6), House(0x0029, Oeiras, NotSocialNeighbourhood, 1.0, 27), House(0x0036, Oeiras, NotSocialNeighbourhood, 1.0, 1), House(0x0030, Oeiras, NotSocialNeighbourhood, 1.0, 43), House(0x0049, Oeiras, NotSocialNeighbourhood, 1.0, 13), House(0x0045, Oeiras, NotSocialNeighbourhood, 1.0, 38), House(0x00f0, Oeiras, NotSocialNeighbourhood, 1.0, 64), House(0x0037, Oeiras, NotSocialNeighbourhood, 1.0, 15), House(0x0038, Oeiras, NotSocialNeighbourhood, 1.0, 38), House(0x0035, Oeiras, NotSocialNeighbourhood, 1.0, 14), House(0x0027, Oeiras, NotSocialNeighbourhood, 1.0, 17), House(0x001c, Oeiras, NotSocialNeighbourhood, 1.0, 7), House(0x0030, Oeiras, NotSocialNeighbourhood, 1.0, 12), House(0x003d, Oeiras, NotSocialNeighbourhood, 1.0, 41), House(0x0043, Oeiras, NotSocialNeighbourhood, 1.0, 29), House(0x0040, Oeiras, NotSocialNeighbourhood, 1.0, 7), House(0x002c, Oeiras, NotSocialNeighbourhood, 1.0, 47), House(0x00b0, Oeiras, NotSocialNeighbourhood, 1.0, 94), House(0x0020, Oeiras, NotSocialNeighbourhood, 1.0, 24), House(0x004c, Oeiras, NotSocialNeighbourhood, 1.0, 32), House(0x005b, Oeiras, NotSocialNeighbourhood, 1.0, 73), House(0x006f, Oeiras, NotSocialNeighbourhood, 1.0, 1), House(0x008d, Oeiras, NotSocialNeighbourhood, 1.0, 67), House(0x0085, Oeiras, NotSocialNeighbourhood, 1.0, 76), House(0x007d, Oeiras, NotSocialNeighbourhood, 1.0, 36)];Dict{HouseLocation, Float64}(Oeiras => 5.122617697419896)
4;131;7.176198412378238e9;3.1148405868030393e8;4.421480455046572e9;4.8185679787598e9;2289.322870677102;Dict{HouseLocation, Int64}(Oeiras => 231);Dict{HouseLocation, Int64}(Oeiras => 6066);Dict{HouseLocation, Int64}(Oeiras => 104);Dict{HouseLocation, Int64}(Oeiras => 5444);1736.7144455839127;0.2;0.15;1.0;1.0;182;7;66;113;73276;9.190814574267786e6;1.831531027400449e7;8.893797428674062e7;1.46026e8;0.0;2.2449639106229637e6;2.4016363636353403e8;1.5122566207679966e8;1.0378675821935785e8;Dict{Any, Any}(Oeiras => Transaction[Transaction(0x00b6, 388634.81029682764, Oeiras), Transaction(0x008e, 358431.6536073151, Oeiras), Transaction(0x003b, 117232.78003779832, Oeiras), Transaction(0x002a, 80802.96962091478, Oeiras), Transaction(0x0043, 183096.8796865684, Oeiras), Transaction(0x00a2, 490029.3658433266, Oeiras), Transaction(0x004b, 254196.32121149328, Oeiras), Transaction(0x0088, 416803.06775429973, Oeiras), Transaction(0x0034, 98476.74826435393, Oeiras), Transaction(0x00ae, 422174.34431688534, Oeiras), Transaction(0x00ca, 592623.0377793303, Oeiras), Transaction(0x003c, 140090.97586062728, Oeiras), Transaction(0x0049, 165934.5195733663, Oeiras), Transaction(0x0071, 328259.623065368, Oeiras), Transaction(0x003c, 123365.14829119644, Oeiras), Transaction(0x0043, 184054.63806206876, Oeiras), Transaction(0x004a, 151864.87984725647, Oeiras), Transaction(0x0042, 146155.07676795678, Oeiras), Transaction(0x0034, 158103.69259268473, Oeiras), Transaction(0x00b9, 314257.0485287953, Oeiras), Transaction(0x0034, 127183.99580740722, Oeiras), Transaction(0x0049, 95387.0335359341, Oeiras), Transaction(0x0055, 265960.81812325225, Oeiras), Transaction(0x0041, 185397.77276736454, Oeiras), Transaction(0x001f, 90156.8227307431, Oeiras), Transaction(0x0024, 102033.86482043874, Oeiras), Transaction(0x0042, 187493.43763192277, Oeiras), Transaction(0x003f, 148738.35516957863, Oeiras), Transaction(0x0032, 130832.4385042233, Oeiras), Transaction(0x002a, 110192.69075542358, Oeiras), Transaction(0x00ba, 522196.6570613735, Oeiras), Transaction(0x0058, 255412.88504715444, Oeiras), Transaction(0x005b, 230395.4753728444, Oeiras), Transaction(0x007d, 251053.77032158372, Oeiras), Transaction(0x004d, 142244.10586112214, Oeiras), Transaction(0x003d, 129482.95283305796, Oeiras), Transaction(0x002a, 71690.56606580953, Oeiras), Transaction(0x002d, 65767.0231482148, Oeiras), Transaction(0x0047, 191404.11056016063, Oeiras), Transaction(0x0039, 181423.2381959796, Oeiras), Transaction(0x0082, 257683.82835351012, Oeiras), Transaction(0x0043, 179463.979240081, Oeiras), Transaction(0x005a, 243311.03035297204, Oeiras), Transaction(0x005f, 270686.9488622689, Oeiras), Transaction(0x0024, 106196.23721111544, Oeiras), Transaction(0x004e, 221281.56727541573, Oeiras), Transaction(0x0040, 139864.16497037132, Oeiras), Transaction(0x0028, 85965.08340125767, Oeiras), Transaction(0x00f9, 327302.0435570722, Oeiras), Transaction(0x0044, 156952.5749060456, Oeiras), Transaction(0x0045, 149395.11022337058, Oeiras), Transaction(0x006a, 162598.51245638132, Oeiras), Transaction(0x0090, 369155.3794511056, Oeiras), Transaction(0x0028, 108072.70322876045, Oeiras), Transaction(0x005d, 239931.63517095053, Oeiras), Transaction(0x0050, 238189.24247253133, Oeiras), Transaction(0x002b, 97088.71821440767, Oeiras), Transaction(0x004e, 104298.88616482995, Oeiras), Transaction(0x0065, 156552.00878051852, Oeiras), Transaction(0x004e, 224058.5908247766, Oeiras), Transaction(0x005c, 221933.39090857553, Oeiras), Transaction(0x004b, 200552.93833612982, Oeiras), Transaction(0x0053, 253673.65678932559, Oeiras), Transaction(0x001f, 63250.7774827101, Oeiras), Transaction(0x003d, 87574.99270831427, Oeiras), Transaction(0x0035, 148600.842782717, Oeiras), Transaction(0x003c, 123414.67925572487, Oeiras), Transaction(0x0085, 335003.5189363878, Oeiras), Transaction(0x002e, 71639.78575594576, Oeiras), Transaction(0x0024, 108570.12174280084, Oeiras), Transaction(0x0031, 88729.28310178986, Oeiras), Transaction(0x0043, 188937.17918414957, Oeiras), Transaction(0x0028, 73658.66551931991, Oeiras), Transaction(0x0043, 178670.64002444095, Oeiras), Transaction(0x0033, 111935.01758826547, Oeiras), Transaction(0x005e, 212162.92576555518, Oeiras), Transaction(0x004c, 108801.794378457, Oeiras), Transaction(0x004e, 151227.3712194145, Oeiras), Transaction(0x0029, 72144.77327703564, Oeiras), Transaction(0x0038, 97544.021193245, Oeiras), Transaction(0x002c, 110232.67115333707, Oeiras), Transaction(0x0032, 88613.13579308124, Oeiras), Transaction(0x0039, 146535.91316100454, Oeiras), Transaction(0x0033, 128982.79758940896, Oeiras), Transaction(0x004c, 211650.6385753479, Oeiras), Transaction(0x004b, 236737.0506560655, Oeiras), Transaction(0x008c, 198817.27386121493, Oeiras), Transaction(0x004c, 148811.41425975278, Oeiras), Transaction(0x0044, 178710.2681857661, Oeiras), Transaction(0x003c, 89565.46281605348, Oeiras), Transaction(0x0045, 206973.9423507184, Oeiras), Transaction(0x001f, 64249.822431515015, Oeiras), Transaction(0x0056, 138337.14662031175, Oeiras), Transaction(0x0055, 212879.76415979923, Oeiras), Transaction(0x0044, 110137.15698938559, Oeiras), Transaction(0x0031, 134431.8266343345, Oeiras), Transaction(0x0034, 101017.52306452522, Oeiras), Transaction(0x003b, 105959.20730048008, Oeiras), Transaction(0x0030, 126973.00433184141, Oeiras), Transaction(0x0033, 145452.04033914366, Oeiras), Transaction(0x0046, 194761.49325029814, Oeiras), Transaction(0x002c, 84626.66659967299, Oeiras), Transaction(0x0087, 266694.4560998358, Oeiras), Transaction(0x0032, 90928.36677710297, Oeiras), Transaction(0x005a, 264964.1312053293, Oeiras), Transaction(0x0033, 126718.80430018157, Oeiras), Transaction(0x0040, 161893.88521161358, Oeiras), Transaction(0x0053, 265424.0123711325, Oeiras), Transaction(0x0051, 213503.28645959767, Oeiras), Transaction(0x001f, 51744.25812176152, Oeiras), Transaction(0x00b0, 501853.6635757775, Oeiras), Transaction(0x008d, 316143.7027613548, Oeiras), Transaction(0x0055, 159306.86476499293, Oeiras), Transaction(0x0046, 192037.15498955184, Oeiras)]);Dict{Any, Any}(Oeiras => Transaction[Transaction(0x00bd, 2255.5523938184974, Oeiras), Transaction(0x00f8, 2815.11693351044, Oeiras), Transaction(0x00d8, 2482.1751576530114, Oeiras), Transaction(0x0090, 1802.157281131241, Oeiras), Transaction(0x0078, 1675.7924323588893, Oeiras), Transaction(0x0074, 1417.5222795216816, Oeiras), Transaction(0x006d, 1314.4687072524096, Oeiras), Transaction(0x0055, 1128.8976904284903, Oeiras), Transaction(0x0063, 1258.2344084200467, Oeiras), Transaction(0x0053, 1115.0016442105896, Oeiras), Transaction(0x0060, 1195.12259584675, Oeiras), Transaction(0x005c, 1080.435811718433, Oeiras), Transaction(0x0035, 663.3129640563974, Oeiras), Transaction(0x0047, 926.2558051713148, Oeiras), Transaction(0x005f, 1078.3779297713925, Oeiras), Transaction(0x0033, 633.7703859859306, Oeiras), Transaction(0x0044, 845.9731435212573, Oeiras), Transaction(0x0037, 666.9683125331351, Oeiras), Transaction(0x0044, 731.9620300487, Oeiras), Transaction(0x005e, 1078.7532571947154, Oeiras), Transaction(0x0041, 761.8091790481535, Oeiras), Transaction(0x0070, 1195.1643550230394, Oeiras), Transaction(0x001f, 380.68246525248446, Oeiras), Transaction(0x0049, 817.4215799527638, Oeiras), Transaction(0x0027, 457.10496962295645, Oeiras), Transaction(0x0052, 883.3051323789236, Oeiras), Transaction(0x0033, 614.9235367260773, Oeiras), Transaction(0x0028, 347.7873403139045, Oeiras), Transaction(0x004e, 855.315489537153, Oeiras), Transaction(0x004c, 754.5930781353958, Oeiras), Transaction(0x0048, 748.3378618296898, Oeiras), Transaction(0x0027, 370.04633780633736, Oeiras), Transaction(0x0022, 319.28787626056476, Oeiras), Transaction(0x003e, 670.6706631187805, Oeiras), Transaction(0x0023, 314.46378054373827, Oeiras), Transaction(0x0048, 790.5930691774921, Oeiras), Transaction(0x0041, 537.2215383059432, Oeiras), Transaction(0x0053, 729.6402840599563, Oeiras), Transaction(0x003e, 552.9836663819042, Oeiras), Transaction(0x0031, 449.315154809331, Oeiras), Transaction(0x002b, 245.07550261124726, Oeiras), Transaction(0x0042, 365.8653428067425, Oeiras), Transaction(0x0047, 595.057856136231, Oeiras), Transaction(0x003d, 611.0569021319247, Oeiras), Transaction(0x004a, 571.4598663430642, Oeiras), Transaction(0x0017, 143.15738286105477, Oeiras), Transaction(0x0027, 313.57333829499663, Oeiras), Transaction(0x003d, 552.2209580206206, Oeiras), Transaction(0x004a, 661.4011149365314, Oeiras), Transaction(0x0045, 361.87089462875775, Oeiras), Transaction(0x003c, 475.0339023841142, Oeiras)]);Dict{HouseLocation, Dict{SizeInterval, Int64}}(Oeiras => Dict(LessThan75 => 4, LessThan125 => 4, More => 5, LessThan50 => 1));Dict{HouseLocation, Dict{SizeInterval, Int64}}(Oeiras => Dict(LessThan75 => 45, LessThan125 => 26, More => 9, LessThan50 => 37));Dict{HouseLocation, Dict{SizeInterval, Int64}}(Oeiras => Dict(LessThan75 => 365, LessThan125 => 634, More => 618, LessThan50 => 327));House[House(0x0027, Oeiras, NotSocialNeighbourhood, 1.0, 13), House(0x0030, Oeiras, NotSocialNeighbourhood, 1.0, 2), House(0x002f, Oeiras, NotSocialNeighbourhood, 1.0, 1), House(0x003e, Oeiras, NotSocialNeighbourhood, 1.0, 7), House(0x003f, Oeiras, NotSocialNeighbourhood, 1.0, 15), House(0x003c, Oeiras, NotSocialNeighbourhood, 1.0, 20), House(0x0078, Oeiras, NotSocialNeighbourhood, 1.0, 6), House(0x0028, Oeiras, NotSocialNeighbourhood, 1.0, 20), House(0x0070, Oeiras, NotSocialNeighbourhood, 1.0, 1), House(0x004a, Oeiras, NotSocialNeighbourhood, 1.0, 6), House(0x006f, Oeiras, NotSocialNeighbourhood, 1.0, 1), House(0x003d, Oeiras, NotSocialNeighbourhood, 1.0, 29), House(0x003c, Oeiras, NotSocialNeighbourhood, 1.0, 74), House(0x0038, Oeiras, NotSocialNeighbourhood, 1.0, 68), House(0x0045, Oeiras, NotSocialNeighbourhood, 1.0, 92), House(0x004b, Oeiras, NotSocialNeighbourhood, 1.0, 62), House(0x008f, Oeiras, NotSocialNeighbourhood, 1.0, 83), House(0x0098, Oeiras, NotSocialNeighbourhood, 1.0, 91), House(0x0082, Oeiras, NotSocialNeighbourhood, 1.0, 3), House(0x0083, Oeiras, NotSocialNeighbourhood, 1.0, 92), House(0x0083, Oeiras, NotSocialNeighbourhood, 1.0, 33), House(0x0056, Oeiras, NotSocialNeighbourhood, 1.0, 9), House(0x006a, Oeiras, NotSocialNeighbourhood, 1.0, 97), House(0x0066, Oeiras, NotSocialNeighbourhood, 1.0, 98), House(0x0031, Oeiras, NotSocialNeighbourhood, 1.0, 18)];Mortgage[Mortgage(58963.83697032713, 53547.202386821264, 32, 0x0114), Mortgage(208772.67158290464, 199415.03398011392, 32, 0x01d4), Mortgage(100442.84709110025, 89444.61060408951, 32, 0x00f0), Mortgage(68528.0857006045, 65456.51035150716, 32, 0x01d4), Mortgage(138202.7525526949, 107564.3468103077, 32, 0x0084), Mortgage(310578.39026618015, 286226.5926622241, 32, 0x0138), Mortgage(151901.29944410195, 126373.3950970346, 32, 0x00a8), Mortgage(202547.78334657205, 193469.1585465195, 32, 0x01d4), Mortgage(66651.2664291015, 60528.43634672378, 32, 0x0114), Mortgage(296302.4171532212, 256738.9402422841, 32, 0x00cc), Mortgage(417108.7621600019, 382688.1533059837, 32, 0x012c), Mortgage(121710.55822380786, 109168.93878404981, 32, 0x00fc), Mortgage(143928.58099894092, 135009.78630171367, 32, 0x0174), Mortgage(287981.1196068223, 235234.90941681902, 32, 0x009c), Mortgage(80990.25619455666, 72644.64521105579, 32, 0x00fc), Mortgage(30092.71447495348, 21742.046996176166, 32, 0x006c), Mortgage(123309.44748376397, 100724.26535699196, 32, 0x009c), Mortgage(92012.94974283842, 66479.542057619, 32, 0x006c), Mortgage(134704.1191333938, 110031.90523628202, 32, 0x009c), Mortgage(276985.6417401773, 242471.18807044448, 32, 0x00d8), Mortgage(96713.87781050461, 75273.21201661538, 32, 0x0084), Mortgage(76600.77090298985, 67055.74993444062, 32, 0x00d8), Mortgage(230743.70115472004, 205477.8522995395, 32, 0x00f0), Mortgage(152048.4915495212, 139501.16066304612, 32, 0x012c), Mortgage(42509.57696952763, 14341.604646954753, 32, 0x0030), Mortgage(81794.33928370883, 76246.09395190621, 32, 0x015c), Mortgage(157033.61579696293, 146381.76588398113, 32, 0x015c), Mortgage(129561.92248569123, 123531.56115375881, 32, 0x01c8), Mortgage(109421.00700058465, 98786.06637983058, 32, 0x0108), Mortgage(95500.7141387803, 91055.70589356817, 32, 0x01c8), Mortgage(334022.9690997256, 282253.17441094626, 32, 0x00b4), Mortgage(65584.71700410347, 51045.12837105359, 32, 0x0084), Mortgage(194852.23676658748, 183292.96812740137, 32, 0x0180), Mortgage(215343.39195658307, 175901.40412530466, 32, 0x009c), Mortgage(118856.38466902156, 111154.90741696752, 32, 0x0168), Mortgage(109773.97312823916, 102971.63044803923, 32, 0x0174), Mortgage(53080.022258892444, 49640.62280968532, 32, 0x0168), Mortgage(56408.140300155465, 53201.40295577814, 32, 0x018c), Mortgage(164009.68639174197, 154280.09818741554, 32, 0x0180), Mortgage(157055.3835944299, 143392.8741230169, 32, 0x0120), Mortgage(221433.01918167097, 202170.19193809424, 32, 0x0120), Mortgage(156110.7945540461, 147236.07696730987, 32, 0x018c), Mortgage(211792.9491324704, 185401.98574359668, 32, 0x00d8), Mortgage(51530.29772015667, 42870.328937861064, 32, 0x00a8), Mortgage(90577.49011797267, 86021.54999919479, 32, 0x01b0), Mortgage(192522.97362283213, 174837.10630775883, 32, 0x0114), Mortgage(110559.96104041176, 88358.87611766582, 32, 0x0090), Mortgage(72739.43499638692, 69353.83321082166, 32, 0x01c8), Mortgage(286997.52294723206, 238765.9058349753, 32, 0x00a8), Mortgage(136091.25159057675, 128979.03283143547, 31, 0x0198), Mortgage(134578.55856625206, 113720.39912510698, 32, 0x00b4), Mortgage(99555.72604329122, 88654.62705645071, 32, 0x00f0), Mortgage(92102.36243721872, 87280.88067364153, 32, 0x01a4), Mortgage(208769.81845860474, 197840.89279538277, 32, 0x01a4), Mortgage(31796.11307586418, 24747.178120117132, 32, 0x0084), Mortgage(83960.23113331523, 77991.13071268739, 32, 0x0150), Mortgage(86279.20918609395, 80426.74771027024, 32, 0x015c), Mortgage(133513.30021183306, 125239.9072159876, 32, 0x0174), Mortgage(192129.22347904183, 173455.63474849498, 32, 0x0108), Mortgage(172392.8928548728, 164665.874733193, 32, 0x01d4), Mortgage(219707.25149738227, 190371.0656663796, 32, 0x00cc), Mortgage(50859.932535291686, 48086.613063990815, 32, 0x0198), Mortgage(75543.12958161757, 71248.5902925809, 32, 0x018c), Mortgage(108146.92316927134, 93706.71596845124, 32, 0x00cc), Mortgage(106189.44599365038, 98639.97336606235, 32, 0x0150), Mortgage(77022.17273348899, 70666.15645846026, 32, 0x012c), Mortgage(54059.295021452024, 50852.32175818622, 32, 0x0180), Mortgage(91939.29057950043, 87660.04609038634, 32, 0x01c8), Mortgage(77572.17277714159, 72765.27286598181, 32, 0x0174), Mortgage(164148.3918780645, 154816.74620682042, 32, 0x018c), Mortgage(52015.681364206626, 45948.24250626464, 32, 0x00e4), Mortgage(154337.9850177839, 143868.9841994683, 32, 0x015c), Mortgage(88205.84328690263, 81624.8021855963, 32, 0x0144), Mortgage(183704.9972116287, 173261.58121222485, 32, 0x018c), Mortgage(92715.96324644418, 87445.16828351456, 32, 0x018c), Mortgage(129178.79340196359, 117311.9550863235, 32, 0x0114), Mortgage(63114.63531194383, 57316.69315074972, 32, 0x0114), Mortgage(80792.77493556179, 73764.47684404698, 32, 0x0120), Mortgage(75871.9738506571, 60636.439043448685, 32, 0x0090), Mortgage(77000.91621407945, 73127.86162948607, 32, 0x01b0), Mortgage(14799.974836124224, 4993.119269023185, 32, 0x0030), Mortgage(104865.00007141971, 97041.01869057419, 32, 0x0144), Mortgage(196302.22635734227, 173404.2901030524, 32, 0x00e4), Mortgage(170336.89108341854, 152784.58916568838, 32, 0x00fc), Mortgage(119235.40126929634, 106948.83346211794, 32, 0x00fc), Mortgage(154580.33678634206, 146151.29182855846, 32, 0x0198), Mortgage(59095.28032165891, 48271.473256323974, 32, 0x009c), Mortgage(178377.34864194685, 164391.1563394619, 32, 0x0138), Mortgage(42135.410935679676, 35604.8972433227, 32, 0x00b4), Mortgage(120152.11196188032, 112366.6761214962, 32, 0x0168), Mortgage(184483.61680953333, 174826.0535224651, 32, 0x01a4), Mortgage(95528.04291935668, 82772.75878533424, 32, 0x00cc), Mortgage(104815.86150509771, 96995.54635443124, 32, 0x0144), Mortgage(88650.46581107577, 84676.96235351614, 32, 0x01d4), Mortgage(85172.6236102424, 75237.54879103109, 32, 0x00e4), Mortgage(106110.18678465602, 100772.97048120596, 32, 0x01b0), Mortgage(119295.41718515185, 112218.42490859509, 32, 0x0180), Mortgage(169104.5320572699, 148032.86025376394, 32, 0x00d8), Mortgage(37555.03056814461, 33174.373700749304, 32, 0x00e4), Mortgage(232879.71976715617, 214620.11130896478, 32, 0x0138), Mortgage(76957.32223250781, 70923.2606432829, 32, 0x0138), Mortgage(231346.63145360572, 210094.2803669592, 32, 0x0114), Mortgage(108531.229783033, 100815.26949320838, 32, 0x0150), Mortgage(135693.22882906417, 125053.80848226963, 32, 0x0138), Mortgage(228595.4293196807, 205039.89788481838, 32, 0x00fc), Mortgage(185741.24628123082, 151721.1451347427, 32, 0x009c), Mortgage(24860.276256403995, 22697.639407913877, 32, 0x0120), Mortgage(249572.30821134633, 203861.00101005257, 32, 0x009c), Mortgage(278300.0160570715, 245837.33773959609, 32, 0x00e4), Mortgage(134613.80093989894, 125482.72415388285, 32, 0x015c), Mortgage(166456.28911856838, 156993.44216629062, 32, 0x018c)];House[House(0x004a, Oeiras, NotSocialNeighbourhood, 1.0, 5), House(0x0086, Oeiras, NotSocialNeighbourhood, 1.0, 2), House(0x0047, Oeiras, NotSocialNeighbourhood, 1.0, 38), House(0x0017, Oeiras, NotSocialNeighbourhood, 1.0, 8), House(0x0043, Oeiras, NotSocialNeighbourhood, 1.0, 29), House(0x0047, Oeiras, NotSocialNeighbourhood, 1.0, 4), House(0x0041, Oeiras, NotSocialNeighbourhood, 1.0, 41), House(0x0035, Oeiras, NotSocialNeighbourhood, 1.0, 14), House(0x002f, Oeiras, NotSocialNeighbourhood, 1.0, 6), House(0x003e, Oeiras, NotSocialNeighbourhood, 1.0, 27), House(0x0024, Oeiras, NotSocialNeighbourhood, 1.0, 15), House(0x0040, Oeiras, NotSocialNeighbourhood, 1.0, 2), House(0x0034, Oeiras, NotSocialNeighbourhood, 1.0, 29), House(0x0033, Oeiras, NotSocialNeighbourhood, 1.0, 12), House(0x003c, Oeiras, NotSocialNeighbourhood, 1.0, 44), House(0x0038, Oeiras, NotSocialNeighbourhood, 1.0, 50), House(0x0022, Oeiras, NotSocialNeighbourhood, 1.0, 4), House(0x0029, Oeiras, NotSocialNeighbourhood, 1.0, 2), House(0x004c, Oeiras, NotSocialNeighbourhood, 1.0, 7), House(0x003a, Oeiras, NotSocialNeighbourhood, 1.0, 17), House(0x0037, Oeiras, NotSocialNeighbourhood, 1.0, 15), House(0x0027, Oeiras, NotSocialNeighbourhood, 1.0, 13), House(0x0035, Oeiras, NotSocialNeighbourhood, 1.0, 6), House(0x002d, Oeiras, NotSocialNeighbourhood, 1.0, 26), House(0x0033, Oeiras, NotSocialNeighbourhood, 1.0, 18), House(0x0082, Oeiras, NotSocialNeighbourhood, 1.0, 2), House(0x0039, Oeiras, NotSocialNeighbourhood, 1.0, 4), House(0x003e, Oeiras, NotSocialNeighbourhood, 1.0, 18), House(0x0029, Oeiras, NotSocialNeighbourhood, 1.0, 27), House(0x0024, Oeiras, NotSocialNeighbourhood, 1.0, 7), House(0x001c, Oeiras, NotSocialNeighbourhood, 1.0, 7), House(0x0030, Oeiras, NotSocialNeighbourhood, 1.0, 2), House(0x004c, Oeiras, NotSocialNeighbourhood, 1.0, 17), House(0x0057, Oeiras, NotSocialNeighbourhood, 1.0, 1), House(0x0040, Oeiras, NotSocialNeighbourhood, 1.0, 73), House(0x003d, Oeiras, NotSocialNeighbourhood, 1.0, 25), House(0x0033, Oeiras, NotSocialNeighbourhood, 1.0, 3), House(0x001d, Oeiras, NotSocialNeighbourhood, 1.0, 24), House(0x0038, Oeiras, NotSocialNeighbourhood, 1.0, 22), House(0x002f, Oeiras, NotSocialNeighbourhood, 1.0, 1), House(0x0078, Oeiras, NotSocialNeighbourhood, 1.0, 95), House(0x002a, Oeiras, NotSocialNeighbourhood, 1.0, 11), House(0x004d, Oeiras, NotSocialNeighbourhood, 1.0, 92), House(0x003e, Oeiras, NotSocialNeighbourhood, 1.0, 9), House(0x0035, Oeiras, NotSocialNeighbourhood, 1.0, 23), House(0x006e, Oeiras, NotSocialNeighbourhood, 1.0, 6), House(0x0022, Oeiras, NotSocialNeighbourhood, 1.0, 4), House(0x0045, Oeiras, NotSocialNeighbourhood, 1.0, 13), House(0x002d, Oeiras, NotSocialNeighbourhood, 1.0, 7), House(0x0055, Oeiras, NotSocialNeighbourhood, 1.0, 4), House(0x0028, Oeiras, NotSocialNeighbourhood, 1.0, 7), House(0x004d, Oeiras, NotSocialNeighbourhood, 1.0, 61), House(0x003e, Oeiras, NotSocialNeighbourhood, 1.0, 7), House(0x002e, Oeiras, NotSocialNeighbourhood, 1.0, 8), House(0x00f0, Oeiras, NotSocialNeighbourhood, 1.0, 64), House(0x0055, Oeiras, NotSocialNeighbourhood, 1.0, 39), House(0x0026, Oeiras, NotSocialNeighbourhood, 1.0, 14), House(0x0036, Oeiras, NotSocialNeighbourhood, 1.0, 17), House(0x003f, Oeiras, NotSocialNeighbourhood, 1.0, 3), House(0x003f, Oeiras, NotSocialNeighbourhood, 1.0, 15), House(0x0032, Oeiras, NotSocialNeighbourhood, 1.0, 16), House(0x006f, Oeiras, NotSocialNeighbourhood, 1.0, 2), House(0x0057, Oeiras, NotSocialNeighbourhood, 1.0, 14), House(0x0031, Oeiras, NotSocialNeighbourhood, 1.0, 37), House(0x0020, Oeiras, NotSocialNeighbourhood, 1.0, 24), House(0x004c, Oeiras, NotSocialNeighbourhood, 1.0, 32), House(0x008e, Oeiras, NotSocialNeighbourhood, 1.0, 90), House(0x002b, Oeiras, NotSocialNeighbourhood, 1.0, 13), House(0x003c, Oeiras, NotSocialNeighbourhood, 1.0, 20), House(0x0062, Oeiras, NotSocialNeighbourhood, 1.0, 1), House(0x00b2, Oeiras, NotSocialNeighbourhood, 1.0, 58), House(0x0118, Oeiras, NotSocialNeighbourhood, 1.0, 82), House(0x0054, Oeiras, NotSocialNeighbourhood, 1.0, 4), House(0x0030, Oeiras, NotSocialNeighbourhood, 1.0, 12), House(0x0042, Oeiras, NotSocialNeighbourhood, 1.0, 31), House(0x0030, Oeiras, NotSocialNeighbourhood, 1.0, 14), House(0x00c0, Oeiras, NotSocialNeighbourhood, 1.0, 80), House(0x005c, Oeiras, NotSocialNeighbourhood, 1.0, 1), House(0x0027, Oeiras, NotSocialNeighbourhood, 1.0, 17), House(0x0030, Oeiras, NotSocialNeighbourhood, 1.0, 43), House(0x001b, Oeiras, NotSocialNeighbourhood, 1.0, 28), House(0x0056, Oeiras, NotSocialNeighbourhood, 1.0, 37), House(0x002f, Oeiras, NotSocialNeighbourhood, 1.0, 14), House(0x0017, Oeiras, NotSocialNeighbourhood, 1.0, 13), House(0x0035, Oeiras, NotSocialNeighbourhood, 1.0, 31), House(0x0031, Oeiras, NotSocialNeighbourhood, 1.0, 29), House(0x0078, Oeiras, NotSocialNeighbourhood, 1.0, 6), House(0x003f, Oeiras, NotSocialNeighbourhood, 1.0, 2), House(0x0044, Oeiras, NotSocialNeighbourhood, 1.0, 35), House(0x011f, Oeiras, NotSocialNeighbourhood, 1.0, 37), House(0x0026, Oeiras, NotSocialNeighbourhood, 1.0, 15), House(0x001f, Oeiras, NotSocialNeighbourhood, 1.0, 15), House(0x0061, Oeiras, NotSocialNeighbourhood, 1.0, 6), House(0x0028, Oeiras, NotSocialNeighbourhood, 1.0, 20), House(0x0049, Oeiras, NotSocialNeighbourhood, 1.0, 13), House(0x0032, Oeiras, NotSocialNeighbourhood, 1.0, 2), House(0x00ba, Oeiras, NotSocialNeighbourhood, 1.0, 67), House(0x0069, Oeiras, NotSocialNeighbourhood, 1.0, 95), House(0x0029, Oeiras, NotSocialNeighbourhood, 1.0, 2), House(0x0033, Oeiras, NotSocialNeighbourhood, 1.0, 18), House(0x001c, Oeiras, NotSocialNeighbourhood, 1.0, 1), House(0x0070, Oeiras, NotSocialNeighbourhood, 1.0, 1), House(0x004d, Oeiras, NotSocialNeighbourhood, 1.0, 24), House(0x0036, Oeiras, NotSocialNeighbourhood, 1.0, 39), House(0x004a, Oeiras, NotSocialNeighbourhood, 1.0, 6), House(0x003d, Oeiras, NotSocialNeighbourhood, 1.0, 41), House(0x0040, Oeiras, NotSocialNeighbourhood, 1.0, 7), House(0x0036, Oeiras, NotSocialNeighbourhood, 1.0, 1), House(0x0048, Oeiras, NotSocialNeighbourhood, 1.0, 1), House(0x004b, Oeiras, NotSocialNeighbourhood, 1.0, 11), House(0x0028, Oeiras, NotSocialNeighbourhood, 1.0, 9), House(0x0032, Oeiras, NotSocialNeighbourhood, 1.0, 39), House(0x0029, Oeiras, NotSocialNeighbourhood, 1.0, 1), House(0x0079, Oeiras, NotSocialNeighbourhood, 1.0, 5), House(0x006f, Oeiras, NotSocialNeighbourhood, 1.0, 1), House(0x004d, Oeiras, NotSocialNeighbourhood, 1.0, 10), House(0x0052, Oeiras, NotSocialNeighbourhood, 1.0, 4), House(0x003d, Oeiras, NotSocialNeighbourhood, 1.0, 29), House(0x003c, Oeiras, NotSocialNeighbourhood, 1.0, 74), House(0x0038, Oeiras, NotSocialNeighbourhood, 1.0, 68), House(0x0045, Oeiras, NotSocialNeighbourhood, 1.0, 92), House(0x004b, Oeiras, NotSocialNeighbourhood, 1.0, 62), House(0x008f, Oeiras, NotSocialNeighbourhood, 1.0, 83), House(0x0098, Oeiras, NotSocialNeighbourhood, 1.0, 91), House(0x0082, Oeiras, NotSocialNeighbourhood, 1.0, 3), House(0x0083, Oeiras, NotSocialNeighbourhood, 1.0, 92), House(0x0083, Oeiras, NotSocialNeighbourhood, 1.0, 33), House(0x0056, Oeiras, NotSocialNeighbourhood, 1.0, 9), House(0x006a, Oeiras, NotSocialNeighbourhood, 1.0, 97), House(0x0066, Oeiras, NotSocialNeighbourhood, 1.0, 98), House(0x0031, Oeiras, NotSocialNeighbourhood, 1.0, 18)];Dict{HouseLocation, Float64}(Oeiras => 5.137802087221827)
5;124;7.144822242376716e9;2.996833466925374e8;4.431158924698165e9;4.806074785069948e9;2290.106295408376;Dict{HouseLocation, Int64}(Oeiras => 210);Dict{HouseLocation, Int64}(Oeiras => 6100);Dict{HouseLocation, Int64}(Oeiras => 102);Dict{HouseLocation, Int64}(Oeiras => 5437);1683.7861880453604;0.2;0.15;1.0;1.0;181;13;130;145;73369;9.195216027334142e6;1.832173788974677e7;8.892105382904842e7;1.46026e8;7.275957614183426e-12;2.2185824681822653e6;2.4017071172395056e8;1.5124965789490706e8;1.03823181375229e8;Dict{Any, Any}(Oeiras => Transaction[Transaction(0x004d, 122816.77154362862, Oeiras), Transaction(0x003d, 122909.56399149429, Oeiras), Transaction(0x0074, 252932.61087815498, Oeiras), Transaction(0x0047, 106568.9144728019, Oeiras), Transaction(0x003f, 179933.5209834709, Oeiras), Transaction(0x0052, 165806.20428891128, Oeiras), Transaction(0x004c, 110722.48876415643, Oeiras), Transaction(0x0025, 78184.07139687767, Oeiras), Transaction(0x00a1, 364312.4913380176, Oeiras), Transaction(0x0043, 208825.80734196602, Oeiras), Transaction(0x0038, 81173.00105224474, Oeiras), Transaction(0x003e, 83994.04193224713, Oeiras), Transaction(0x0079, 157869.5755312124, Oeiras), Transaction(0x0031, 82009.57864669514, Oeiras), Transaction(0x0036, 95038.31364770161, Oeiras), Transaction(0x0050, 237815.282589971, Oeiras), Transaction(0x0052, 216868.61338772552, Oeiras), Transaction(0x0031, 142628.0358425094, Oeiras), Transaction(0x0036, 74067.87024951616, Oeiras), Transaction(0x00b2, 429220.4866167338, Oeiras), Transaction(0x0040, 163375.2052618121, Oeiras), Transaction(0x0030, 61226.579693732165, Oeiras), Transaction(0x001b, 43757.392911642695, Oeiras), Transaction(0x0056, 162641.51264421508, Oeiras), Transaction(0x003d, 110686.57798342704, Oeiras), Transaction(0x0098, 434953.6948505299, Oeiras), Transaction(0x0083, 258032.79452484148, Oeiras), Transaction(0x0051, 187125.17980803727, Oeiras), Transaction(0x0030, 161853.55272660832, Oeiras), Transaction(0x0026, 100158.84060699119, Oeiras), Transaction(0x004d, 200012.07392638506, Oeiras), Transaction(0x00c0, 425503.1635843204, Oeiras), Transaction(0x006a, 324921.06033347524, Oeiras), Transaction(0x0045, 199262.92807515914, Oeiras), Transaction(0x0066, 314194.242743406, Oeiras), Transaction(0x008d, 357604.45667541143, Oeiras), Transaction(0x0041, 127048.63411362735, Oeiras), Transaction(0x006e, 223911.84349806042, Oeiras), Transaction(0x004b, 102159.93692763787, Oeiras), Transaction(0x0063, 253208.7926448752, Oeiras), Transaction(0x0040, 119401.90823739502, Oeiras), Transaction(0x003c, 125459.76550897823, Oeiras), Transaction(0x0069, 349963.5014433266, Oeiras), Transaction(0x002d, 127395.16503874738, Oeiras), Transaction(0x0032, 89373.27122843341, Oeiras), Transaction(0x00a3, 251774.37984449934, Oeiras), Transaction(0x0068, 326581.3909576926, Oeiras), Transaction(0x0083, 389059.0383331469, Oeiras), Transaction(0x0063, 212523.40571467782, Oeiras), Transaction(0x006f, 317728.04511908826, Oeiras), Transaction(0x0057, 125282.2146688721, Oeiras), Transaction(0x004c, 140130.9785281685, Oeiras), Transaction(0x0076, 238926.59889269725, Oeiras), Transaction(0x0033, 73524.85706328842, Oeiras), Transaction(0x0021, 101387.3022027295, Oeiras), Transaction(0x004d, 194276.66359597043, Oeiras), Transaction(0x005c, 105780.56729199698, Oeiras), Transaction(0x003c, 151868.52400849192, Oeiras), Transaction(0x0015, 46955.82147747784, Oeiras), Transaction(0x0042, 177384.53280313863, Oeiras), Transaction(0x0069, 344080.99209909275, Oeiras), Transaction(0x0078, 371805.69764153357, Oeiras), Transaction(0x0030, 93546.8116557176, Oeiras), Transaction(0x003d, 140265.80191161908, Oeiras), Transaction(0x0038, 163683.9460505587, Oeiras), Transaction(0x0067, 276718.73020363465, Oeiras), Transaction(0x0093, 242043.46758765006, Oeiras), Transaction(0x004b, 253839.27741253492, Oeiras), Transaction(0x0051, 178479.77663106174, Oeiras), Transaction(0x003e, 176923.05828511913, Oeiras), Transaction(0x00aa, 281200.5172836021, Oeiras), Transaction(0x0045, 186495.24494099378, Oeiras), Transaction(0x0055, 160768.81745505572, Oeiras), Transaction(0x0078, 190151.82110247223, Oeiras), Transaction(0x0031, 86596.39153262696, Oeiras), Transaction(0x008f, 367223.42164586834, Oeiras), Transaction(0x0033, 134178.13951195087, Oeiras), Transaction(0x0045, 212919.05289624867, Oeiras), Transaction(0x0057, 208619.64420253114, Oeiras), Transaction(0x0038, 149046.64355529443, Oeiras), Transaction(0x006e, 226780.00814556354, Oeiras), Transaction(0x0049, 191189.27608689727, Oeiras), Transaction(0x0024, 44489.16441684089, Oeiras), Transaction(0x0044, 118078.87901745421, Oeiras), Transaction(0x003e, 173272.31337865265, Oeiras), Transaction(0x004d, 206957.69371483356, Oeiras), Transaction(0x002a, 79812.10555498801, Oeiras), Transaction(0x0051, 173278.3649115395, Oeiras), Transaction(0x0041, 146188.0820486859, Oeiras), Transaction(0x002c, 126900.19867387158, Oeiras), Transaction(0x0031, 119204.5035615826, Oeiras), Transaction(0x005a, 255522.60909034402, Oeiras), Transaction(0x004d, 232263.1647822561, Oeiras), Transaction(0x008a, 359597.98354148393, Oeiras), Transaction(0x004b, 171706.79816826913, Oeiras), Transaction(0x0044, 185622.71858974439, Oeiras), Transaction(0x0026, 95645.29760441142, Oeiras), Transaction(0x0055, 225923.3603662303, Oeiras), Transaction(0x003a, 75171.27891751617, Oeiras), Transaction(0x004c, 182327.84469488822, Oeiras)]);Dict{Any, Any}(Oeiras => Transaction[Transaction(0x00bf, 2305.2325950505233, Oeiras), Transaction(0x0091, 1845.6859121302627, Oeiras), Transaction(0x0070, 1390.3709371132509, Oeiras), Transaction(0x0077, 1580.9300955521794, Oeiras), Transaction(0x011b, 3092.876144548286, Oeiras), Transaction(0x0072, 1326.7438784931198, Oeiras), Transaction(0x0076, 1348.3106574436283, Oeiras), Transaction(0x0087, 1627.4541940843, Oeiras), Transaction(0x006f, 1420.9719978936582, Oeiras), Transaction(0x0058, 1196.562131906043, Oeiras), Transaction(0x0050, 1005.5696175521763, Oeiras), Transaction(0x0072, 1332.3309685772567, Oeiras), Transaction(0x0075, 1300.7156340291838, Oeiras), Transaction(0x0070, 1257.5320640309358, Oeiras), Transaction(0x0085, 1444.5553614048404, Oeiras), Transaction(0x005f, 1090.7237738149852, Oeiras), Transaction(0x005f, 1148.5038754151406, Oeiras), Transaction(0x003f, 822.4285308446126, Oeiras), Transaction(0x0097, 1599.5256343688482, Oeiras), Transaction(0x0052, 928.0031424477156, Oeiras), Transaction(0x0033, 629.6085856061558, Oeiras), Transaction(0x0024, 461.4700295707398, Oeiras), Transaction(0x0057, 996.9947010037548, Oeiras), Transaction(0x0060, 1108.6881694190367, Oeiras), Transaction(0x005a, 1058.751733077985, Oeiras), Transaction(0x003d, 853.252283175814, Oeiras), Transaction(0x003f, 807.4300716112093, Oeiras), Transaction(0x008c, 1420.3106319597093, Oeiras), Transaction(0x003a, 599.6917205947647, Oeiras), Transaction(0x003b, 622.9252458942904, Oeiras), Transaction(0x0028, 431.65915983518556, Oeiras), Transaction(0x003e, 764.7496942135666, Oeiras), Transaction(0x002b, 495.97156191322944, Oeiras), Transaction(0x0075, 1045.1500122893046, Oeiras), Transaction(0x0034, 545.4448593530376, Oeiras), Transaction(0x002f, 526.395475685587, Oeiras), Transaction(0x0021, 393.8467255246512, Oeiras), Transaction(0x006a, 1051.6277495308063, Oeiras), Transaction(0x0015, 236.48385153909197, Oeiras), Transaction(0x0038, 621.0273268333383, Oeiras), Transaction(0x003b, 623.4301398030432, Oeiras), Transaction(0x003b, 637.3371367956546, Oeiras), Transaction(0x0043, 562.6994762901945, Oeiras), Transaction(0x0055, 873.4779795106397, Oeiras), Transaction(0x002d, 413.22320128225596, Oeiras), Transaction(0x0048, 715.1754962129697, Oeiras), Transaction(0x002c, 413.555577874416, Oeiras), Transaction(0x001f, 269.9926311622305, Oeiras), Transaction(0x003c, 554.4127775107144, Oeiras), Transaction(0x0058, 423.96265663763654, Oeiras), Transaction(0x0038, 585.7822428819037, Oeiras), Transaction(0x0044, 642.4962909041732, Oeiras), Transaction(0x0044, 550.1737256756812, Oeiras), Transaction(0x0060, 724.3392057737998, Oeiras), Transaction(0x003f, 557.6239788655719, Oeiras)]);Dict{HouseLocation, Dict{SizeInterval, Int64}}(Oeiras => Dict(LessThan75 => 6, LessThan125 => 5, More => 1, LessThan50 => 2));Dict{HouseLocation, Dict{SizeInterval, Int64}}(Oeiras => Dict(LessThan75 => 43, LessThan125 => 16, More => 12, LessThan50 => 39));Dict{HouseLocation, Dict{SizeInterval, Int64}}(Oeiras => Dict(LessThan75 => 371, LessThan125 => 682, More => 709, LessThan50 => 348));House[House(0x0027, Oeiras, NotSocialNeighbourhood, 1.0, 13), House(0x0070, Oeiras, NotSocialNeighbourhood, 1.0, 1), House(0x006f, Oeiras, NotSocialNeighbourhood, 1.0, 1), House(0x0056, Oeiras, NotSocialNeighbourhood, 1.0, 9), House(0x003e, Oeiras, NotSocialNeighbourhood, 1.0, 7), House(0x003f, Oeiras, NotSocialNeighbourhood, 1.0, 15), House(0x0038, Oeiras, NotSocialNeighbourhood, 1.0, 68), House(0x002f, Oeiras, NotSocialNeighbourhood, 1.0, 1), House(0x0082, Oeiras, NotSocialNeighbourhood, 1.0, 3), House(0x0030, Oeiras, NotSocialNeighbourhood, 1.0, 2), House(0x003c, Oeiras, NotSocialNeighbourhood, 1.0, 20), House(0x0028, Oeiras, NotSocialNeighbourhood, 1.0, 20), House(0x004a, Oeiras, NotSocialNeighbourhood, 1.0, 6), House(0x0066, Oeiras, NotSocialNeighbourhood, 1.0, 36), House(0x0074, Oeiras, NotSocialNeighbourhood, 1.0, 4), House(0x004c, Oeiras, NotSocialNeighbourhood, 1.0, 72), House(0x0064, Oeiras, NotSocialNeighbourhood, 1.0, 13), House(0x004c, Oeiras, NotSocialNeighbourhood, 1.0, 62), House(0x0024, Oeiras, NotSocialNeighbourhood, 1.0, 26), House(0x001b, Oeiras, NotSocialNeighbourhood, 1.0, 36), House(0x008e, Oeiras, NotSocialNeighbourhood, 1.0, 3), House(0x0040, Oeiras, NotSocialNeighbourhood, 1.0, 56), House(0x0043, Oeiras, NotSocialNeighbourhood, 1.0, 62), House(0x0034, Oeiras, NotSocialNeighbourhood, 1.0, 19), House(0x0048, Oeiras, NotSocialNeighbourhood, 1.0, 47), House(0x003f, Oeiras, NotSocialNeighbourhood, 1.0, 90), House(0x0045, Oeiras, NotSocialNeighbourhood, 1.0, 77)];Mortgage[Mortgage(102516.80845585381, 82652.94172461597, 31, 0x0090), Mortgage(102708.76654961961, 97110.9028957029, 31, 0x018c), Mortgage(75567.61982974698, 62216.08118793274, 31, 0x009c), Mortgage(154875.6624607258, 145668.66271014654, 31, 0x0174), Mortgage(129507.42443429708, 114960.5670856654, 31, 0x00e4), Mortgage(88952.51712713057, 78960.96966873323, 31, 0x00e4), Mortgage(56590.06759120313, 52101.43137732786, 31, 0x012c), Mortgage(204190.2080967593, 189556.17613511893, 31, 0x0144), Mortgage(126578.25051690968, 120229.67198517622, 31, 0x01a4), Mortgage(61294.659474532804, 56901.755357391594, 31, 0x0144), Mortgage(70369.22164651567, 64787.644347359594, 31, 0x012c), Mortgage(67640.56403494414, 63236.07989022981, 31, 0x015c), Mortgage(81629.38909074628, 77535.23717267411, 31, 0x01a4), Mortgage(123237.37165987941, 111016.31835092788, 31, 0x00fc), Mortgage(187399.65700887403, 172535.40745550196, 31, 0x012c), Mortgage(118442.78036063905, 111987.37681989705, 31, 0x018c), Mortgage(37520.745315826316, 31914.284503062827, 31, 0x00b4), Mortgage(220988.10700497482, 210342.00912394046, 31, 0x01b0), Mortgage(132531.28410228083, 124652.60594015782, 31, 0x0174), Mortgage(36514.99483797281, 34137.28379870517, 31, 0x015c), Mortgage(36258.22832592414, 34511.48886115289, 31, 0x01b0), Mortgage(21063.577214482153, 18697.62132948645, 31, 0x00e4), Mortgage(82404.80772515305, 76196.38668704571, 31, 0x0138), Mortgage(196839.7029015586, 185640.87559721278, 31, 0x0180), Mortgage(222615.15887258606, 202946.5699912197, 31, 0x0114), Mortgage(91480.95442399349, 83398.39036073322, 31, 0x0114), Mortgage(129279.37343559413, 117190.89040514425, 31, 0x0108), Mortgage(71104.42810395171, 66008.47133312405, 31, 0x0144), Mortgage(174046.54393612975, 161572.8670124674, 31, 0x0144), Mortgage(379467.16436424403, 322766.05758102523, 31, 0x00b4), Mortgage(117548.2965187178, 104344.74229391769, 31, 0x00e4), Mortgage(173358.85133997354, 163053.06878067306, 31, 0x0174), Mortgage(277741.6919313224, 244405.33766000258, 31, 0x00d8), Mortgage(314485.70440952247, 275435.444242598, 30, 0x00cc), Mortgage(106713.10319029515, 95464.6094638983, 31, 0x00f0), Mortgage(193484.41422581128, 171751.3731648769, 31, 0x00e4), Mortgage(85116.97727064142, 77157.97261277972, 31, 0x0108), Mortgage(219555.41381909628, 194893.9606329393, 31, 0x00e4), Mortgage(91422.92921979335, 75270.02173142727, 31, 0x009c), Mortgage(102695.36288391337, 96309.51791823331, 31, 0x0168), Mortgage(183916.4261126832, 171360.4692438902, 31, 0x0150), Mortgage(110948.17845235532, 105149.95331400976, 31, 0x0198), Mortgage(77754.42744347571, 72181.8743471604, 31, 0x0144), Mortgage(217941.48170514143, 191782.7354469978, 31, 0x00d8), Mortgage(283808.8619783815, 253892.9274959328, 31, 0x00f0), Mortgage(191924.78602205988, 179427.4083157602, 31, 0x015c), Mortgage(167979.57820485975, 146368.4239994468, 31, 0x00cc), Mortgage(93229.07118938549, 81234.8284639746, 31, 0x00cc), Mortgage(108129.93713514072, 102920.77945596802, 31, 0x01b0), Mortgage(119110.27378113446, 112618.49031603598, 31, 0x018c), Mortgage(207034.60786718398, 193553.33873869092, 31, 0x015c), Mortgage(42750.38774814112, 37250.40238182746, 31, 0x00cc), Mortgage(58502.05819591977, 49760.507515606216, 31, 0x00b4), Mortgage(31550.0715351612, 24799.11554949095, 31, 0x0084), Mortgage(23538.518673692837, 16354.876403796232, 31, 0x0060), Mortgage(145659.25782171154, 122052.5711335023, 31, 0x00a8), Mortgage(303151.757571795, 244412.45225739133, 31, 0x0090), Mortgage(73388.46326282143, 66904.41464788478, 31, 0x0114), Mortgage(78875.89861425414, 75076.0536882872, 31, 0x01b0), Mortgage(108357.20309005257, 98783.58155095161, 31, 0x0114), Mortgage(140359.15858532026, 132015.13139890367, 31, 0x0174), Mortgage(241040.31082400796, 219743.8151071657, 31, 0x0114), Mortgage(209312.71921966522, 182383.91334604973, 31, 0x00cc), Mortgage(220406.8852597051, 199797.37253195638, 31, 0x0108), Mortgage(134245.1415827827, 120094.53038557677, 31, 0x00f0), Mortgage(152823.65678835122, 144836.99147410606, 31, 0x0198), Mortgage(242710.40957031253, 215448.08294718887, 31, 0x00e4), Mortgage(153476.98556958968, 145112.13738676548, 31, 0x018c), Mortgage(134809.4931031472, 126031.23580441982, 31, 0x015c), Mortgage(165636.6215089384, 151002.22451343812, 31, 0x0114), Mortgage(71919.12649880131, 66214.61315549191, 31, 0x012c), Mortgage(102839.0688116696, 91998.9321670278, 31, 0x00f0), Mortgage(115894.75442965084, 109301.13880635191, 31, 0x0180), Mortgage(185220.96604741662, 174210.00821772486, 31, 0x0174), Mortgage(181721.8073170349, 166522.4598367232, 31, 0x0120), Mortgage(128604.6214839412, 120959.37432817032, 31, 0x0174), Mortgage(195534.48050119, 180024.98939085662, 31, 0x012c), Mortgage(28947.45464820144, 18727.303672608505, 31, 0x0054), Mortgage(36496.6200589309, 34227.17233585195, 31, 0x0168), Mortgage(102058.23249060915, 87935.5140148605, 31, 0x00c0), Mortgage(144398.45830672176, 125821.09680338057, 31, 0x00cc), Mortgage(178655.34466815926, 163712.47841056797, 31, 0x0120), Mortgage(62492.53529374719, 56295.35180184178, 31, 0x00fc), Mortgage(148997.9752043657, 139295.82045824142, 31, 0x015c), Mortgage(119549.03218259972, 109549.8619789476, 31, 0x0120), Mortgage(105328.5230971011, 100811.34766837406, 31, 0x01d4), Mortgage(103158.43777786245, 97984.48853485083, 31, 0x01a4), Mortgage(211488.39669402046, 192802.88422119376, 31, 0x0114), Mortgage(201521.62426827228, 183716.7002976346, 31, 0x0114), Mortgage(115004.5208596994, 107515.88447820314, 31, 0x015c), Mortgage(148030.11588605976, 136288.59714976462, 31, 0x012c), Mortgage(141815.3786806321, 125886.03646322168, 31, 0x00e4), Mortgage(58375.782276644444, 52917.257574001036, 31, 0x0108), Mortgage(196491.7543871211, 171212.4100195965, 31, 0x00cc), Mortgage(65468.59944192469, 52783.269553263664, 31, 0x0090)];House[House(0x0027, Oeiras, NotSocialNeighbourhood, 1.0, 13), House(0x003e, Oeiras, NotSocialNeighbourhood, 1.0, 9), House(0x0070, Oeiras, NotSocialNeighbourhood, 1.0, 1), House(0x0029, Oeiras, NotSocialNeighbourhood, 1.0, 1), House(0x006f, Oeiras, NotSocialNeighbourhood, 1.0, 1), House(0x004d, Oeiras, NotSocialNeighbourhood, 1.0, 10), House(0x0036, Oeiras, NotSocialNeighbourhood, 1.0, 11), House(0x006f, Oeiras, NotSocialNeighbourhood, 1.0, 2), House(0x001d, Oeiras, NotSocialNeighbourhood, 1.0, 24), House(0x0032, Oeiras, NotSocialNeighbourhood, 1.0, 2), House(0x0061, Oeiras, NotSocialNeighbourhood, 1.0, 6), House(0x0028, Oeiras, NotSocialNeighbourhood, 1.0, 9), House(0x002d, Oeiras, NotSocialNeighbourhood, 1.0, 83), House(0x0035, Oeiras, NotSocialNeighbourhood, 1.0, 14), House(0x0035, Oeiras, NotSocialNeighbourhood, 1.0, 23), House(0x0020, Oeiras, NotSocialNeighbourhood, 1.0, 24), House(0x003c, Oeiras, NotSocialNeighbourhood, 1.0, 21), House(0x0039, Oeiras, NotSocialNeighbourhood, 1.0, 40), House(0x003e, Oeiras, NotSocialNeighbourhood, 1.0, 27), House(0x0039, Oeiras, NotSocialNeighbourhood, 1.0, 4), House(0x0029, Oeiras, NotSocialNeighbourhood, 1.0, 2), House(0x006e, Oeiras, NotSocialNeighbourhood, 1.0, 6), House(0x0056, Oeiras, NotSocialNeighbourhood, 1.0, 9), House(0x00a1, Oeiras, NotSocialNeighbourhood, 1.0, 53), House(0x0045, Oeiras, NotSocialNeighbourhood, 1.0, 13), House(0x003f, Oeiras, NotSocialNeighbourhood, 1.0, 3), House(0x0062, Oeiras, NotSocialNeighbourhood, 1.0, 1), House(0x003e, Oeiras, NotSocialNeighbourhood, 1.0, 7), House(0x0035, Oeiras, NotSocialNeighbourhood, 1.0, 31), House(0x0017, Oeiras, NotSocialNeighbourhood, 1.0, 13), House(0x005c, Oeiras, NotSocialNeighbourhood, 1.0, 5), House(0x0048, Oeiras, NotSocialNeighbourhood, 1.0, 16), House(0x0035, Oeiras, NotSocialNeighbourhood, 1.0, 19), House(0x001f, Oeiras, NotSocialNeighbourhood, 1.0, 45), House(0x002a, Oeiras, NotSocialNeighbourhood, 1.0, 2), House(0x0047, Oeiras, NotSocialNeighbourhood, 1.0, 4), House(0x0081, Oeiras, NotSocialNeighbourhood, 1.0, 88), House(0x0017, Oeiras, NotSocialNeighbourhood, 1.0, 8), House(0x0040, Oeiras, NotSocialNeighbourhood, 1.0, 2), House(0x003f, Oeiras, NotSocialNeighbourhood, 1.0, 2), House(0x0042, Oeiras, NotSocialNeighbourhood, 1.0, 31), House(0x0029, Oeiras, NotSocialNeighbourhood, 1.0, 27), House(0x003e, Oeiras, NotSocialNeighbourhood, 1.0, 9), House(0x00f0, Oeiras, NotSocialNeighbourhood, 1.0, 64), House(0x0043, Oeiras, NotSocialNeighbourhood, 1.0, 29), House(0x004a, Oeiras, NotSocialNeighbourhood, 1.0, 5), House(0x0082, Oeiras, NotSocialNeighbourhood, 1.0, 2), House(0x00ba, Oeiras, NotSocialNeighbourhood, 1.0, 67), House(0x0022, Oeiras, NotSocialNeighbourhood, 1.0, 4), House(0x003f, Oeiras, NotSocialNeighbourhood, 1.0, 15), House(0x0029, Oeiras, NotSocialNeighbourhood, 1.0, 2), House(0x0039, Oeiras, NotSocialNeighbourhood, 1.0, 21), House(0x008e, Oeiras, NotSocialNeighbourhood, 1.0, 90), House(0x0033, Oeiras, NotSocialNeighbourhood, 1.0, 18), House(0x0034, Oeiras, NotSocialNeighbourhood, 1.0, 29), House(0x0118, Oeiras, NotSocialNeighbourhood, 1.0, 82), House(0x0024, Oeiras, NotSocialNeighbourhood, 1.0, 15), House(0x002f, Oeiras, NotSocialNeighbourhood, 1.0, 14), House(0x0036, Oeiras, NotSocialNeighbourhood, 1.0, 1), House(0x0031, Oeiras, NotSocialNeighbourhood, 1.0, 51), House(0x002d, Oeiras, NotSocialNeighbourhood, 1.0, 7), House(0x0032, Oeiras, NotSocialNeighbourhood, 1.0, 16), House(0x002e, Oeiras, NotSocialNeighbourhood, 1.0, 8), House(0x0049, Oeiras, NotSocialNeighbourhood, 1.0, 13), House(0x0030, Oeiras, NotSocialNeighbourhood, 1.0, 14), House(0x0028, Oeiras, NotSocialNeighbourhood, 1.0, 7), House(0x0052, Oeiras, NotSocialNeighbourhood, 1.0, 4), House(0x002f, Oeiras, NotSocialNeighbourhood, 1.0, 6), House(0x0038, Oeiras, NotSocialNeighbourhood, 1.0, 68), House(0x0038, Oeiras, NotSocialNeighbourhood, 1.0, 50), House(0x0031, Oeiras, NotSocialNeighbourhood, 1.0, 1), House(0x0050, Oeiras, NotSocialNeighbourhood, 1.0, 31), House(0x002a, Oeiras, NotSocialNeighbourhood, 1.0, 11), House(0x0033, Oeiras, NotSocialNeighbourhood, 1.0, 3), House(0x003d, Oeiras, NotSocialNeighbourhood, 1.0, 25), House(0x002f, Oeiras, NotSocialNeighbourhood, 1.0, 1), House(0x0047, Oeiras, NotSocialNeighbourhood, 1.0, 38), House(0x001f, Oeiras, NotSocialNeighbourhood, 1.0, 15), House(0x0027, Oeiras, NotSocialNeighbourhood, 1.0, 34), House(0x0036, Oeiras, NotSocialNeighbourhood, 1.0, 15), House(0x0086, Oeiras, NotSocialNeighbourhood, 1.0, 2), House(0x0037, Oeiras, NotSocialNeighbourhood, 1.0, 15), House(0x0031, Oeiras, NotSocialNeighbourhood, 1.0, 37), House(0x0082, Oeiras, NotSocialNeighbourhood, 1.0, 3), House(0x0030, Oeiras, NotSocialNeighbourhood, 1.0, 2), House(0x003c, Oeiras, NotSocialNeighbourhood, 1.0, 20), House(0x0054, Oeiras, NotSocialNeighbourhood, 1.0, 4), House(0x00a8, Oeiras, NotSocialNeighbourhood, 1.0, 98), House(0x011f, Oeiras, NotSocialNeighbourhood, 1.0, 37), House(0x001c, Oeiras, NotSocialNeighbourhood, 1.0, 1), House(0x002d, Oeiras, NotSocialNeighbourhood, 1.0, 26), House(0x0022, Oeiras, NotSocialNeighbourhood, 1.0, 4), House(0x0033, Oeiras, NotSocialNeighbourhood, 1.0, 12), House(0x0055, Oeiras, NotSocialNeighbourhood, 1.0, 4), House(0x0026, Oeiras, NotSocialNeighbourhood, 1.0, 15), House(0x0027, Oeiras, NotSocialNeighbourhood, 1.0, 17), House(0x0026, Oeiras, NotSocialNeighbourhood, 1.0, 14), House(0x0017, Oeiras, NotSocialNeighbourhood, 1.0, 16), House(0x001c, Oeiras, NotSocialNeighbourhood, 1.0, 7), House(0x0057, Oeiras, NotSocialNeighbourhood, 1.0, 1), House(0x004c, Oeiras, NotSocialNeighbourhood, 1.0, 7), House(0x002b, Oeiras, NotSocialNeighbourhood, 1.0, 13), House(0x0035, Oeiras, NotSocialNeighbourhood, 1.0, 6), House(0x0028, Oeiras, NotSocialNeighbourhood, 1.0, 20), House(0x0047, Oeiras, NotSocialNeighbourhood, 1.0, 9), House(0x004a, Oeiras, NotSocialNeighbourhood, 1.0, 6), House(0x0048, Oeiras, NotSocialNeighbourhood, 1.0, 1), House(0x0040, Oeiras, NotSocialNeighbourhood, 1.0, 7), House(0x004b, Oeiras, NotSocialNeighbourhood, 1.0, 11), House(0x008b, Oeiras, NotSocialNeighbourhood, 1.0, 93), House(0x0066, Oeiras, NotSocialNeighbourhood, 1.0, 36), House(0x0074, Oeiras, NotSocialNeighbourhood, 1.0, 4), House(0x004c, Oeiras, NotSocialNeighbourhood, 1.0, 72), House(0x0064, Oeiras, NotSocialNeighbourhood, 1.0, 13), House(0x004c, Oeiras, NotSocialNeighbourhood, 1.0, 62), House(0x0024, Oeiras, NotSocialNeighbourhood, 1.0, 26), House(0x001b, Oeiras, NotSocialNeighbourhood, 1.0, 36), House(0x008e, Oeiras, NotSocialNeighbourhood, 1.0, 3), House(0x0040, Oeiras, NotSocialNeighbourhood, 1.0, 56), House(0x0043, Oeiras, NotSocialNeighbourhood, 1.0, 62), House(0x0034, Oeiras, NotSocialNeighbourhood, 1.0, 19), House(0x0048, Oeiras, NotSocialNeighbourhood, 1.0, 47), House(0x003f, Oeiras, NotSocialNeighbourhood, 1.0, 90), House(0x0045, Oeiras, NotSocialNeighbourhood, 1.0, 77)];Dict{HouseLocation, Float64}(Oeiras => 5.155274615871563)
6;124;7.1129606139625e9;2.875115416515333e8;4.441065615349962e9;4.796041488880102e9;2274.675200616255;Dict{HouseLocation, Int64}(Oeiras => 198);Dict{HouseLocation, Int64}(Oeiras => 6048);Dict{HouseLocation, Int64}(Oeiras => 77);Dict{HouseLocation, Int64}(Oeiras => 5485);1756.765877612387;0.2;0.15;1.0;1.0;183;10;97;157;73460;9.196722657332946e6;1.840480657248776e7;8.899792529323278e7;1.46026e8;0.0;2.2161396713573583e6;2.4041321325936848e8;1.5141528796613914e8;1.0429390391076414e8;Dict{Any, Any}(Oeiras => Transaction[Transaction(0x0031, 104433.87277963368, Oeiras), Transaction(0x0029, 83719.04501521902, Oeiras), Transaction(0x005e, 168935.37324750095, Oeiras), Transaction(0x003c, 178627.12595917936, Oeiras), Transaction(0x00a3, 280061.74960274465, Oeiras), Transaction(0x003d, 140962.2903712667, Oeiras), Transaction(0x004a, 156824.66425241355, Oeiras), Transaction(0x0045, 201039.0618666181, Oeiras), Transaction(0x0049, 108683.44063742422, Oeiras), Transaction(0x0055, 149952.8035293231, Oeiras), Transaction(0x0026, 53369.50935512421, Oeiras), Transaction(0x0061, 339518.1336695207, Oeiras), Transaction(0x0072, 341593.2918121478, Oeiras), Transaction(0x0031, 79667.64121384714, Oeiras), Transaction(0x0038, 133446.79491339182, Oeiras), Transaction(0x0050, 142497.88959108194, Oeiras), Transaction(0x0047, 134543.3989554032, Oeiras), Transaction(0x0049, 200171.64683667038, Oeiras), Transaction(0x0069, 316058.11958612455, Oeiras), Transaction(0x008b, 433023.3838632842, Oeiras), Transaction(0x0074, 260331.59428768724, Oeiras), Transaction(0x0051, 184593.35651179714, Oeiras), Transaction(0x00a1, 357336.6880801657, Oeiras), Transaction(0x0017, 30115.122926985903, Oeiras), Transaction(0x0029, 70025.85784232372, Oeiras), Transaction(0x0027, 55865.06381480133, Oeiras), Transaction(0x0082, 154955.55741687794, Oeiras), Transaction(0x0066, 203550.1909623446, Oeiras), Transaction(0x0040, 201092.24052773003, Oeiras), Transaction(0x0064, 169290.78905400954, Oeiras), Transaction(0x004d, 196748.54594935084, Oeiras), Transaction(0x0043, 156058.95645380614, Oeiras), Transaction(0x0073, 251515.60726584206, Oeiras), Transaction(0x0055, 249763.94497942072, Oeiras), Transaction(0x005b, 221542.0636063717, Oeiras), Transaction(0x0063, 264672.18477493455, Oeiras), Transaction(0x0042, 151191.05316728668, Oeiras), Transaction(0x0035, 85719.54286393084, Oeiras), Transaction(0x0074, 180749.8902090125, Oeiras), Transaction(0x0048, 148318.6528757566, Oeiras), Transaction(0x003c, 124093.53284724685, Oeiras), Transaction(0x003c, 98019.89169247587, Oeiras), Transaction(0x0055, 136176.68715323467, Oeiras), Transaction(0x003c, 118673.04911276103, Oeiras), Transaction(0x005d, 298686.47774648765, Oeiras), Transaction(0x004b, 107831.26069458062, Oeiras), Transaction(0x0059, 147492.32697113496, Oeiras), Transaction(0x0043, 115980.70548785078, Oeiras), Transaction(0x002a, 55999.475117480135, Oeiras), Transaction(0x0050, 236501.4240474889, Oeiras), Transaction(0x0040, 141300.1176095426, Oeiras), Transaction(0x0044, 185730.338415407, Oeiras), Transaction(0x0059, 249489.5220508742, Oeiras), Transaction(0x004c, 175618.2808047201, Oeiras), Transaction(0x002d, 72169.50335444622, Oeiras), Transaction(0x003f, 179265.7285998104, Oeiras), Transaction(0x0040, 205297.9731088349, Oeiras), Transaction(0x002e, 85262.13190029854, Oeiras), Transaction(0x002b, 107338.64919809987, Oeiras), Transaction(0x002e, 113279.26282593812, Oeiras), Transaction(0x007b, 289715.94656573667, Oeiras), Transaction(0x002d, 114673.80319345949, Oeiras), Transaction(0x0026, 50017.19921935185, Oeiras), Transaction(0x004d, 201889.0476253919, Oeiras), Transaction(0x0045, 176550.37978806955, Oeiras), Transaction(0x0042, 166192.70344454187, Oeiras), Transaction(0x0038, 117284.96902211853, Oeiras), Transaction(0x0025, 92541.06041363266, Oeiras), Transaction(0x0075, 173930.38608957434, Oeiras), Transaction(0x0092, 382598.2800769233, Oeiras), Transaction(0x003e, 93856.10432325302, Oeiras), Transaction(0x008e, 384395.1578454695, Oeiras), Transaction(0x002d, 55736.48405342206, Oeiras), Transaction(0x0047, 97322.83490798283, Oeiras), Transaction(0x0037, 73547.82846694598, Oeiras), Transaction(0x001b, 50695.573905774094, Oeiras), Transaction(0x002f, 117247.91008471516, Oeiras), Transaction(0x003a, 125847.86617791656, Oeiras), Transaction(0x005e, 317824.22371037176, Oeiras), Transaction(0x001f, 54962.82192530165, Oeiras), Transaction(0x004c, 191669.3834845969, Oeiras), Transaction(0x0028, 123305.8657373119, Oeiras), Transaction(0x0073, 251354.61005406204, Oeiras), Transaction(0x0055, 147795.50635067237, Oeiras), Transaction(0x004a, 203829.34859557182, Oeiras), Transaction(0x003e, 91915.19427352815, Oeiras), Transaction(0x0050, 193666.05476121136, Oeiras), Transaction(0x0048, 109424.54844407507, Oeiras), Transaction(0x005e, 194042.20670394358, Oeiras), Transaction(0x0038, 121820.1664213245, Oeiras), Transaction(0x0035, 83376.71552826614, Oeiras), Transaction(0x0027, 68892.62190672911, Oeiras), Transaction(0x003a, 127000.20421343221, Oeiras), Transaction(0x002d, 91529.39252976763, Oeiras), Transaction(0x0023, 77297.82184506182, Oeiras)]);Dict{Any, Any}(Oeiras => Transaction[Transaction(0x0094, 2136.9075758529507, Oeiras), Transaction(0x0112, 3312.8132593749997, Oeiras), Transaction(0x008d, 1906.5453598165197, Oeiras), Transaction(0x0090, 1783.9524931128824, Oeiras), Transaction(0x0060, 1310.4694789809525, Oeiras), Transaction(0x005b, 1136.7514472396629, Oeiras), Transaction(0x0061, 1214.4187680613666, Oeiras), Transaction(0x004d, 969.4459280321918, Oeiras), Transaction(0x0052, 1024.4140680690448, Oeiras), Transaction(0x0046, 857.6151729616889, Oeiras), Transaction(0x0021, 448.22506788767515, Oeiras), Transaction(0x0045, 814.1904275030597, Oeiras), Transaction(0x0126, 2937.679723612785, Oeiras), Transaction(0x003d, 711.2347004087148, Oeiras), Transaction(0x0038, 643.0162303584999, Oeiras), Transaction(0x0095, 1515.8023363776126, Oeiras), Transaction(0x002f, 620.1753717956968, Oeiras), Transaction(0x003d, 691.146877878307, Oeiras), Transaction(0x0040, 704.3410421464848, Oeiras), Transaction(0x003b, 627.913649989398, Oeiras), Transaction(0x005a, 929.4684265422801, Oeiras), Transaction(0x002d, 354.6371875, Oeiras), Transaction(0x007f, 1144.6585810985591, Oeiras), Transaction(0x001e, 280.9145925670118, Oeiras), Transaction(0x0064, 819.2198919686343, Oeiras), Transaction(0x0041, 579.036163236227, Oeiras), Transaction(0x001b, 248.8574868360203, Oeiras), Transaction(0x002b, 452.7879942038026, Oeiras)]);Dict{HouseLocation, Dict{SizeInterval, Int64}}(Oeiras => Dict(LessThan75 => 6, LessThan125 => 8, More => 3, LessThan50 => 4));Dict{HouseLocation, Dict{SizeInterval, Int64}}(Oeiras => Dict(LessThan75 => 41, LessThan125 => 18, More => 13, LessThan50 => 31));Dict{HouseLocation, Dict{SizeInterval, Int64}}(Oeiras => Dict(LessThan75 => 364, LessThan125 => 677, More => 737, LessThan50 => 332));House[House(0x008e, Oeiras, NotSocialNeighbourhood, 1.0, 3), House(0x0070, Oeiras, NotSocialNeighbourhood, 1.0, 1), House(0x003f, Oeiras, NotSocialNeighbourhood, 1.0, 15), House(0x002f, Oeiras, NotSocialNeighbourhood, 1.0, 1), House(0x0056, Oeiras, NotSocialNeighbourhood, 1.0, 9), House(0x006f, Oeiras, NotSocialNeighbourhood, 1.0, 1), House(0x0030, Oeiras, NotSocialNeighbourhood, 1.0, 2), House(0x0082, Oeiras, NotSocialNeighbourhood, 1.0, 3), House(0x0034, Oeiras, NotSocialNeighbourhood, 1.0, 19), House(0x003e, Oeiras, NotSocialNeighbourhood, 1.0, 7), House(0x0028, Oeiras, NotSocialNeighbourhood, 1.0, 20), House(0x0024, Oeiras, NotSocialNeighbourhood, 1.0, 26), House(0x0027, Oeiras, NotSocialNeighbourhood, 1.0, 13), House(0x004a, Oeiras, NotSocialNeighbourhood, 1.0, 6), House(0x0050, Oeiras, NotSocialNeighbourhood, 1.0, 94), House(0x005d, Oeiras, NotSocialNeighbourhood, 1.0, 18), House(0x0053, Oeiras, NotSocialNeighbourhood, 1.0, 74), House(0x0067, Oeiras, NotSocialNeighbourhood, 1.0, 94), House(0x0068, Oeiras, NotSocialNeighbourhood, 1.0, 92), House(0x005f, Oeiras, NotSocialNeighbourhood, 1.0, 94), House(0x0052, Oeiras, NotSocialNeighbourhood, 1.0, 22), House(0x0062, Oeiras, NotSocialNeighbourhood, 1.0, 63), House(0x0048, Oeiras, NotSocialNeighbourhood, 1.0, 12), House(0x0046, Oeiras, NotSocialNeighbourhood, 1.0, 38), House(0x003c, Oeiras, NotSocialNeighbourhood, 1.0, 21), House(0x003b, Oeiras, NotSocialNeighbourhood, 1.0, 72), House(0x0038, Oeiras, NotSocialNeighbourhood, 1.0, 37), House(0x0037, Oeiras, NotSocialNeighbourhood, 1.0, 20), House(0x0030, Oeiras, NotSocialNeighbourhood, 1.0, 59), House(0x0027, Oeiras, NotSocialNeighbourhood, 1.0, 82), House(0x0031, Oeiras, NotSocialNeighbourhood, 1.0, 99), House(0x0027, Oeiras, NotSocialNeighbourhood, 1.0, 42), House(0x008e, Oeiras, NotSocialNeighbourhood, 1.0, 75), House(0x0083, Oeiras, NotSocialNeighbourhood, 1.0, 100), House(0x0085, Oeiras, NotSocialNeighbourhood, 1.0, 38)];Mortgage[Mortgage(78499.72398827852, 72524.54875834782, 30, 0x012c), Mortgage(63449.62532074217, 57020.73295394559, 30, 0x00f0), Mortgage(115786.34938690325, 91903.63733386886, 30, 0x0084), Mortgage(148002.71652901854, 138767.01956251508, 30, 0x015c), Mortgage(236358.6412548106, 202355.86332338487, 30, 0x00b4), Mortgage(122553.38075214226, 113224.9667423834, 30, 0x012c), Mortgage(36796.820797364664, 24258.604420718737, 30, 0x0054), Mortgage(55284.31927300614, 52632.714833679056, 30, 0x01a4), Mortgage(94242.00305484115, 87764.82524215842, 30, 0x0144), Mortgage(124244.64265609949, 107696.97779659533, 30, 0x00c0), Mortgage(33130.54981584463, 25518.835844855344, 30, 0x0078), Mortgage(132880.3266518819, 124183.66322088466, 30, 0x0150), Mortgage(142729.47962203607, 135285.09020490895, 30, 0x018c), Mortgage(67652.085517222, 63800.63445679583, 30, 0x0174), Mortgage(115657.84098212988, 106371.43168748256, 30, 0x0120), Mortgage(121108.70056920615, 116332.66284755619, 30, 0x01e0), Mortgage(100581.46257979635, 89718.10284647638, 30, 0x00e4), Mortgage(169071.14419221194, 154726.54909608947, 30, 0x0114), Mortgage(278635.8525437672, 235145.27425806643, 30, 0x00a8), Mortgage(240121.6878584183, 228116.9769233575, 30, 0x0198), Mortgage(221630.3787812439, 189746.42263499054, 30, 0x00b4), Mortgage(159467.35708218603, 152123.47335986214, 30, 0x01b0), Mortgage(313746.74454291404, 289865.2366697892, 30, 0x012c), Mortgage(60677.687351833236, 56891.26541207178, 30, 0x015c), Mortgage(16963.80390284642, 15524.534656524236, 30, 0x0114), Mortgage(128807.71863396134, 117879.21526404949, 30, 0x0114), Mortgage(177150.96214150195, 168992.70272672715, 30, 0x01b0), Mortgage(174982.31160126562, 166589.62665285607, 30, 0x01a4), Mortgage(146550.3844284535, 136478.09322399218, 30, 0x0144), Mortgage(8274.322998884425, 7319.063570349284, 30, 0x00d8), Mortgage(135219.5945866764, 124927.06448432576, 30, 0x012c), Mortgage(212693.9740001076, 192426.03648882193, 30, 0x00fc), Mortgage(215060.3588313642, 200279.4316496755, 30, 0x0144), Mortgage(128480.29024822875, 119194.34976107154, 30, 0x0138), Mortgage(225453.4165068224, 201103.18830571062, 30, 0x00e4), Mortgage(130285.53463886684, 117084.64220002682, 30, 0x00f0), Mortgage(64619.98923936273, 60941.15621924371, 30, 0x0174), Mortgage(136778.13351891277, 113496.79155141152, 30, 0x009c), Mortgage(118859.30078036318, 109315.83960082599, 30, 0x0120), Mortgage(104048.60962685787, 96897.43155476841, 30, 0x0144), Mortgage(81634.09121790313, 77718.67141134114, 30, 0x01a4), Mortgage(118325.97496966296, 113480.26150094644, 30, 0x01d4), Mortgage(103102.71905759648, 95254.83397275922, 30, 0x012c), Mortgage(259548.12502694753, 233249.98770356402, 30, 0x00f0), Mortgage(83076.78662958041, 77366.98524947856, 30, 0x0144), Mortgage(121721.35140944476, 106653.92393712285, 30, 0x00cc), Mortgage(94807.12967319832, 85201.00782152732, 30, 0x00f0), Mortgage(37353.20673407079, 35404.96298202151, 30, 0x018c), Mortgage(122521.55954700451, 109288.54679984403, 30, 0x00e4), Mortgage(154776.92166240382, 141645.09906737032, 30, 0x0114), Mortgage(151735.83562742098, 138862.02954982888, 30, 0x0114), Mortgage(59655.239136904085, 55114.45237847366, 30, 0x012c), Mortgage(146429.09190461805, 139685.6539735638, 30, 0x01b0), Mortgage(173874.63659936562, 159122.49618285662, 30, 0x0114), Mortgage(71369.12905579599, 65936.71438667444, 30, 0x012c), Mortgage(92649.95355738235, 88383.18386699705, 30, 0x01b0), Mortgage(98236.67781784789, 93112.91441131472, 30, 0x018c), Mortgage(80215.0899655447, 40984.7332272835, 30, 0x003c), Mortgage(94434.47167847786, 89905.10661400786, 30, 0x01a4), Mortgage(43588.81884196597, 40270.96219975231, 30, 0x012c), Mortgage(174976.81660252303, 158303.00531334276, 30, 0x00fc), Mortgage(27752.250445239275, 24316.903926855884, 30, 0x00cc), Mortgage(141498.0904447277, 135236.37184275588, 30, 0x01bc), Mortgage(99792.25271777269, 82806.36834095068, 30, 0x009c), Mortgage(78665.82448462181, 68928.07846678983, 30, 0x00cc), Mortgage(149943.40722941977, 139637.9162701575, 30, 0x0144), Mortgage(222540.45803658525, 206456.2987828983, 30, 0x0138), Mortgage(121960.48114144051, 101201.28817012942, 30, 0x009c), Mortgage(31631.325325183647, 28947.61157668236, 30, 0x0114), Mortgage(85471.8883199753, 79294.38929089617, 30, 0x0138), Mortgage(51738.41711850646, 42931.89409612134, 30, 0x009c), Mortgage(1454.555015928956, 239.13495223196645, 30, 0x0024), Mortgage(99438.12942441463, 95365.91549861003, 30, 0x01d4), Mortgage(103297.31397984413, 76596.18085162081, 30, 0x006c), Mortgage(82700.39962005877, 70803.041824329, 30, 0x00b4), Mortgage(6145.569610316801, 4557.012599571576, 30, 0x006c), Mortgage(164276.393999168, 154490.435483303, 30, 0x0168), Mortgage(102446.74311505335, 95405.6600525437, 30, 0x0144), Mortgage(218775.12829133705, 207837.62323570505, 30, 0x0198), Mortgage(76093.47629856691, 72289.23772621932, 30, 0x0198), Mortgage(168711.8834724959, 158183.8886698159, 30, 0x015c), Mortgage(87206.08058624476, 77138.25621960626, 30, 0x00d8), Mortgage(168338.950400866, 159922.96575284252, 30, 0x0198), Mortgage(104744.26039395684, 89675.65191466079, 30, 0x00b4), Mortgage(49519.79081523299, 44171.37682574813, 30, 0x00e4), Mortgage(54874.446232401686, 52242.500553249614, 30, 0x01a4), Mortgage(105583.95094633757, 95522.69307556248, 30, 0x00fc), Mortgage(69799.62952300356, 64754.846354130204, 30, 0x0138), Mortgage(36895.74839963273, 32636.184017584637, 30, 0x00d8)];House[House(0x0033, Oeiras, NotSocialNeighbourhood, 1.0, 18), House(0x0017, Oeiras, NotSocialNeighbourhood, 1.0, 13), House(0x0033, Oeiras, NotSocialNeighbourhood, 1.0, 12), House(0x008e, Oeiras, NotSocialNeighbourhood, 1.0, 3), House(0x0036, Oeiras, NotSocialNeighbourhood, 1.0, 11), House(0x0024, Oeiras, NotSocialNeighbourhood, 1.0, 15), House(0x003d, Oeiras, NotSocialNeighbourhood, 1.0, 25), House(0x003d, Oeiras, NotSocialNeighbourhood, 1.0, 36), House(0x001c, Oeiras, NotSocialNeighbourhood, 1.0, 7), House(0x002f, Oeiras, NotSocialNeighbourhood, 1.0, 14), House(0x00f0, Oeiras, NotSocialNeighbourhood, 1.0, 64), House(0x004d, Oeiras, NotSocialNeighbourhood, 1.0, 10), House(0x005c, Oeiras, NotSocialNeighbourhood, 1.0, 5), House(0x006e, Oeiras, NotSocialNeighbourhood, 1.0, 6), House(0x0030, Oeiras, NotSocialNeighbourhood, 1.0, 14), House(0x0039, Oeiras, NotSocialNeighbourhood, 1.0, 16), House(0x0036, Oeiras, NotSocialNeighbourhood, 1.0, 9), House(0x0028, Oeiras, NotSocialNeighbourhood, 1.0, 7), House(0x0035, Oeiras, NotSocialNeighbourhood, 1.0, 14), House(0x006f, Oeiras, NotSocialNeighbourhood, 1.0, 2), House(0x0020, Oeiras, NotSocialNeighbourhood, 1.0, 24), House(0x0040, Oeiras, NotSocialNeighbourhood, 1.0, 2), House(0x0054, Oeiras, NotSocialNeighbourhood, 1.0, 4), House(0x0033, Oeiras, NotSocialNeighbourhood, 1.0, 11), House(0x004c, Oeiras, NotSocialNeighbourhood, 1.0, 7), House(0x002f, Oeiras, NotSocialNeighbourhood, 1.0, 6), House(0x0061, Oeiras, NotSocialNeighbourhood, 1.0, 6), House(0x0022, Oeiras, NotSocialNeighbourhood, 1.0, 4), House(0x0062, Oeiras, NotSocialNeighbourhood, 1.0, 1), House(0x001f, Oeiras, NotSocialNeighbourhood, 1.0, 15), House(0x0069, Oeiras, NotSocialNeighbourhood, 1.0, 3), House(0x0070, Oeiras, NotSocialNeighbourhood, 1.0, 1), House(0x0039, Oeiras, NotSocialNeighbourhood, 1.0, 4), House(0x003f, Oeiras, NotSocialNeighbourhood, 1.0, 15), House(0x004a, Oeiras, NotSocialNeighbourhood, 1.0, 5), House(0x0052, Oeiras, NotSocialNeighbourhood, 1.0, 4), House(0x002f, Oeiras, NotSocialNeighbourhood, 1.0, 1), House(0x0039, Oeiras, NotSocialNeighbourhood, 1.0, 21), House(0x0029, Oeiras, NotSocialNeighbourhood, 1.0, 1), House(0x0056, Oeiras, NotSocialNeighbourhood, 1.0, 9), House(0x0031, Oeiras, NotSocialNeighbourhood, 1.0, 1), House(0x001d, Oeiras, NotSocialNeighbourhood, 1.0, 24), House(0x006f, Oeiras, NotSocialNeighbourhood, 1.0, 1), House(0x0039, Oeiras, NotSocialNeighbourhood, 1.0, 40), House(0x0030, Oeiras, NotSocialNeighbourhood, 1.0, 2), House(0x0082, Oeiras, NotSocialNeighbourhood, 1.0, 3), House(0x0034, Oeiras, NotSocialNeighbourhood, 1.0, 19), House(0x0042, Oeiras, NotSocialNeighbourhood, 1.0, 69), House(0x003e, Oeiras, NotSocialNeighbourhood, 1.0, 36), House(0x0039, Oeiras, NotSocialNeighbourhood, 1.0, 41), House(0x0085, Oeiras, NotSocialNeighbourhood, 1.0, 77), House(0x0022, Oeiras, NotSocialNeighbourhood, 1.0, 4), House(0x011f, Oeiras, NotSocialNeighbourhood, 1.0, 37), House(0x0042, Oeiras, NotSocialNeighbourhood, 1.0, 31), House(0x0040, Oeiras, NotSocialNeighbourhood, 1.0, 7), House(0x002a, Oeiras, NotSocialNeighbourhood, 1.0, 2), House(0x003c, Oeiras, NotSocialNeighbourhood, 1.0, 21), House(0x0035, Oeiras, NotSocialNeighbourhood, 1.0, 19), House(0x00ba, Oeiras, NotSocialNeighbourhood, 1.0, 67), House(0x003e, Oeiras, NotSocialNeighbourhood, 1.0, 7), House(0x0118, Oeiras, NotSocialNeighbourhood, 1.0, 82), House(0x0036, Oeiras, NotSocialNeighbourhood, 1.0, 1), House(0x0043, Oeiras, NotSocialNeighbourhood, 1.0, 33), House(0x003f, Oeiras, NotSocialNeighbourhood, 1.0, 2), House(0x0048, Oeiras, NotSocialNeighbourhood, 1.0, 1), House(0x003e, Oeiras, NotSocialNeighbourhood, 1.0, 9), House(0x0029, Oeiras, NotSocialNeighbourhood, 1.0, 2), House(0x0028, Oeiras, NotSocialNeighbourhood, 1.0, 9), House(0x0032, Oeiras, NotSocialNeighbourhood, 1.0, 16), House(0x0045, Oeiras, NotSocialNeighbourhood, 1.0, 13), House(0x0034, Oeiras, NotSocialNeighbourhood, 1.0, 29), House(0x002e, Oeiras, NotSocialNeighbourhood, 1.0, 8), House(0x0024, Oeiras, NotSocialNeighbourhood, 1.0, 4), House(0x009d, Oeiras, NotSocialNeighbourhood, 1.0, 85), House(0x0029, Oeiras, NotSocialNeighbourhood, 1.0, 14), House(0x00a8, Oeiras, NotSocialNeighbourhood, 1.0, 98), House(0x0047, Oeiras, NotSocialNeighbourhood, 1.0, 4), House(0x003f, Oeiras, NotSocialNeighbourhood, 1.0, 3), House(0x0017, Oeiras, NotSocialNeighbourhood, 1.0, 16), House(0x0081, Oeiras, NotSocialNeighbourhood, 1.0, 88), House(0x003e, Oeiras, NotSocialNeighbourhood, 1.0, 9), House(0x0129, Oeiras, NotSocialNeighbourhood, 1.0, 53), House(0x0025, Oeiras, NotSocialNeighbourhood, 1.0, 1), House(0x002f, Oeiras, NotSocialNeighbourhood, 1.0, 78), House(0x001c, Oeiras, NotSocialNeighbourhood, 1.0, 1), House(0x0028, Oeiras, NotSocialNeighbourhood, 1.0, 20), House(0x0033, Oeiras, NotSocialNeighbourhood, 1.0, 3), House(0x003b, Oeiras, NotSocialNeighbourhood, 1.0, 10), House(0x0024, Oeiras, NotSocialNeighbourhood, 1.0, 26), House(0x0036, Oeiras, NotSocialNeighbourhood, 1.0, 15), House(0x0027, Oeiras, NotSocialNeighbourhood, 1.0, 13), House(0x0032, Oeiras, NotSocialNeighbourhood, 1.0, 2), House(0x0029, Oeiras, NotSocialNeighbourhood, 1.0, 2), House(0x0035, Oeiras, NotSocialNeighbourhood, 1.0, 6), House(0x0057, Oeiras, NotSocialNeighbourhood, 1.0, 1), House(0x002b, Oeiras, NotSocialNeighbourhood, 1.0, 13), House(0x004a, Oeiras, NotSocialNeighbourhood, 1.0, 6), House(0x0086, Oeiras, NotSocialNeighbourhood, 1.0, 2), House(0x0055, Oeiras, NotSocialNeighbourhood, 1.0, 4), House(0x004b, Oeiras, NotSocialNeighbourhood, 1.0, 11), House(0x00da, Oeiras, NotSocialNeighbourhood, 1.0, 99), House(0x004e, Oeiras, NotSocialNeighbourhood, 1.0, 6), House(0x0058, Oeiras, NotSocialNeighbourhood, 1.0, 12), House(0x0050, Oeiras, NotSocialNeighbourhood, 1.0, 94), House(0x005d, Oeiras, NotSocialNeighbourhood, 1.0, 18), House(0x0053, Oeiras, NotSocialNeighbourhood, 1.0, 74), House(0x0067, Oeiras, NotSocialNeighbourhood, 1.0, 94), House(0x0068, Oeiras, NotSocialNeighbourhood, 1.0, 92), House(0x005f, Oeiras, NotSocialNeighbourhood, 1.0, 94), House(0x0052, Oeiras, NotSocialNeighbourhood, 1.0, 22), House(0x0062, Oeiras, NotSocialNeighbourhood, 1.0, 63), House(0x0048, Oeiras, NotSocialNeighbourhood, 1.0, 12), House(0x0046, Oeiras, NotSocialNeighbourhood, 1.0, 38), House(0x003c, Oeiras, NotSocialNeighbourhood, 1.0, 21), House(0x003b, Oeiras, NotSocialNeighbourhood, 1.0, 72), House(0x0038, Oeiras, NotSocialNeighbourhood, 1.0, 37), House(0x0037, Oeiras, NotSocialNeighbourhood, 1.0, 20), House(0x0030, Oeiras, NotSocialNeighbourhood, 1.0, 59), House(0x0027, Oeiras, NotSocialNeighbourhood, 1.0, 82), House(0x0031, Oeiras, NotSocialNeighbourhood, 1.0, 99), House(0x0027, Oeiras, NotSocialNeighbourhood, 1.0, 42), House(0x008e, Oeiras, NotSocialNeighbourhood, 1.0, 75), House(0x0083, Oeiras, NotSocialNeighbourhood, 1.0, 100), House(0x0085, Oeiras, NotSocialNeighbourhood, 1.0, 38)];Dict{HouseLocation, Float64}(Oeiras => 5.163672333998113)
7;133;7.079968958861702e9;2.778779658154214e8;4.451287201783975e9;4.781784239008217e9;2286.052746398371;Dict{HouseLocation, Int64}(Oeiras => 231);Dict{HouseLocation, Int64}(Oeiras => 6126);Dict{HouseLocation, Int64}(Oeiras => 97);Dict{HouseLocation, Int64}(Oeiras => 5569);1760.0698522364034;0.2;0.15;1.0;1.0;168;10;86;103;73492;9.210648758259008e6;1.8493204680286188e7;8.905448345473957e7;1.46026e8;0.0;2.1461790051926565e6;2.4059924008801347e8;1.515447566332796e8;1.0479482652162248e8;Dict{Any, Any}(Oeiras => Transaction[Transaction(0x0035, 76512.71261948397, Oeiras), Transaction(0x0062, 235856.08878656197, Oeiras), Transaction(0x0040, 142974.25256687778, Oeiras), Transaction(0x0026, 75956.33130954544, Oeiras), Transaction(0x0036, 132186.30303136172, Oeiras), Transaction(0x0025, 120646.20501514651, Oeiras), Transaction(0x003e, 83864.63888534196, Oeiras), Transaction(0x003f, 99847.0358298796, Oeiras), Transaction(0x0059, 263907.65587515023, Oeiras), Transaction(0x0044, 209325.44765564005, Oeiras), Transaction(0x0025, 132742.61210814625, Oeiras), Transaction(0x003e, 95607.9479421791, Oeiras), Transaction(0x003e, 195310.5779679948, Oeiras), Transaction(0x0085, 368018.8118795396, Oeiras), Transaction(0x0043, 225387.0702634127, Oeiras), Transaction(0x0033, 99643.91348997931, Oeiras), Transaction(0x0049, 159259.75575183312, Oeiras), Transaction(0x0036, 71117.47593340294, Oeiras), Transaction(0x003c, 194541.1493521771, Oeiras), Transaction(0x006b, 192857.4266642306, Oeiras), Transaction(0x005b, 247222.21865894104, Oeiras), Transaction(0x004b, 98913.1172249516, Oeiras), Transaction(0x003e, 109939.1549327815, Oeiras), Transaction(0x0036, 152695.18159381612, Oeiras), Transaction(0x0049, 140865.27567923642, Oeiras), Transaction(0x005a, 222335.13646598923, Oeiras), Transaction(0x002f, 120297.43043732055, Oeiras), Transaction(0x003e, 111000.64021601113, Oeiras), Transaction(0x003b, 146927.0885714446, Oeiras), Transaction(0x0037, 93537.310637767, Oeiras), Transaction(0x0030, 108570.49839449982, Oeiras), Transaction(0x0046, 201134.5093163713, Oeiras), Transaction(0x001d, 92685.85760520004, Oeiras), Transaction(0x0020, 97373.11461648034, Oeiras), Transaction(0x0059, 240644.15582145777, Oeiras), Transaction(0x005a, 232097.7764123512, Oeiras), Transaction(0x005d, 165263.15925364636, Oeiras), Transaction(0x0046, 182859.814319769, Oeiras), Transaction(0x008c, 250468.00908640987, Oeiras), Transaction(0x0062, 287326.4445701674, Oeiras), Transaction(0x0035, 139973.18925727968, Oeiras), Transaction(0x006c, 274943.71510392334, Oeiras), Transaction(0x0068, 311562.0852320945, Oeiras), Transaction(0x0037, 90038.11435744469, Oeiras), Transaction(0x0034, 140244.40853301017, Oeiras), Transaction(0x0025, 108035.42233788256, Oeiras), Transaction(0x0040, 128958.45000097803, Oeiras), Transaction(0x0029, 129670.1560124856, Oeiras), Transaction(0x002e, 117017.58813515719, Oeiras), Transaction(0x004e, 215110.22033402082, Oeiras), Transaction(0x0095, 311809.8558382859, Oeiras), Transaction(0x0082, 198955.6613471799, Oeiras), Transaction(0x0042, 114476.78592737063, Oeiras), Transaction(0x00ba, 390035.18698061653, Oeiras), Transaction(0x0050, 240278.27430721335, Oeiras), Transaction(0x0042, 197306.04155591273, Oeiras), Transaction(0x005f, 251860.35359238455, Oeiras), Transaction(0x002b, 62898.456912457514, Oeiras), Transaction(0x0077, 372996.08614581573, Oeiras), Transaction(0x004e, 235778.32249103082, Oeiras), Transaction(0x0058, 164977.33662921042, Oeiras), Transaction(0x0055, 237119.56765406823, Oeiras), Transaction(0x0043, 123391.91139905993, Oeiras), Transaction(0x0046, 237601.99178549234, Oeiras), Transaction(0x0047, 85381.43088716487, Oeiras), Transaction(0x009b, 412570.799256757, Oeiras), Transaction(0x0033, 167059.0240903257, Oeiras), Transaction(0x005a, 276783.30886908184, Oeiras), Transaction(0x0052, 112298.90778368467, Oeiras), Transaction(0x0031, 150794.887992834, Oeiras), Transaction(0x0045, 147865.97705522235, Oeiras), Transaction(0x0065, 141502.1734691134, Oeiras), Transaction(0x002b, 79428.4305179818, Oeiras), Transaction(0x005e, 204586.47803702278, Oeiras), Transaction(0x0042, 173602.92244345412, Oeiras), Transaction(0x003d, 115722.66956513362, Oeiras), Transaction(0x0035, 74704.79525545752, Oeiras), Transaction(0x00da, 724769.6132560436, Oeiras), Transaction(0x0027, 77148.50297444013, Oeiras), Transaction(0x0085, 270311.10074346355, Oeiras), Transaction(0x005f, 289261.2927049904, Oeiras), Transaction(0x0026, 102579.05202681835, Oeiras), Transaction(0x0053, 122403.63946548117, Oeiras), Transaction(0x0067, 315011.50079409755, Oeiras), Transaction(0x0027, 103592.6695936628, Oeiras), Transaction(0x0026, 83066.7861766639, Oeiras), Transaction(0x004f, 123307.50738130209, Oeiras), Transaction(0x0031, 140667.1146513959, Oeiras), Transaction(0x002c, 136464.58529905195, Oeiras), Transaction(0x004d, 204301.6621906048, Oeiras), Transaction(0x0041, 149732.01355252226, Oeiras), Transaction(0x0081, 373186.18933050236, Oeiras), Transaction(0x007b, 256985.0747771359, Oeiras), Transaction(0x0049, 230705.80174782075, Oeiras), Transaction(0x0058, 132565.38358205618, Oeiras), Transaction(0x003c, 126210.90971145255, Oeiras), Transaction(0x005a, 285197.7507513486, Oeiras), Transaction(0x003d, 91137.3149956698, Oeiras), Transaction(0x0024, 50301.006249033904, Oeiras), Transaction(0x0024, 64105.001650015794, Oeiras), Transaction(0x008d, 203020.3136152623, Oeiras), Transaction(0x003f, 181650.43113795764, Oeiras), Transaction(0x003e, 192088.5483946287, Oeiras), Transaction(0x0030, 97007.23822654967, Oeiras), Transaction(0x0032, 152511.64604877468, Oeiras), Transaction(0x0039, 113422.92145932297, Oeiras), Transaction(0x0039, 98344.70797840119, Oeiras), Transaction(0x0036, 147794.40560131666, Oeiras), Transaction(0x006c, 266058.6908550677, Oeiras), Transaction(0x003b, 133603.4881231137, Oeiras), Transaction(0x0037, 137771.1205878879, Oeiras), Transaction(0x0053, 213460.86815338154, Oeiras), Transaction(0x003c, 91874.89379036633, Oeiras), Transaction(0x0046, 136720.14211356195, Oeiras), Transaction(0x002c, 125061.56064743981, Oeiras), Transaction(0x0044, 103711.3963891706, Oeiras), Transaction(0x002f, 102998.62595450241, Oeiras)]);Dict{Any, Any}(Oeiras => Transaction[Transaction(0x00da, 3215.6596727743645, Oeiras), Transaction(0x00c6, 2918.157371208749, Oeiras), Transaction(0x0094, 2104.416994184173, Oeiras), Transaction(0x008f, 1725.9971867393183, Oeiras), Transaction(0x0085, 1833.083102882786, Oeiras), Transaction(0x00a3, 1831.5530801159948, Oeiras), Transaction(0x0076, 1656.5098106993967, Oeiras), Transaction(0x0072, 1611.8831746843832, Oeiras), Transaction(0x006c, 1448.5506468605934, Oeiras), Transaction(0x0063, 1342.158155664878, Oeiras), Transaction(0x006c, 1299.2070657604452, Oeiras), Transaction(0x008d, 1535.4463629852798, Oeiras), Transaction(0x00f8, 2611.1683944443175, Oeiras), Transaction(0x0049, 1009.3826247482, Oeiras), Transaction(0x0049, 996.10634184557, Oeiras), Transaction(0x0077, 1381.8476849436736, Oeiras), Transaction(0x0056, 1070.9141520892365, Oeiras), Transaction(0x005c, 1074.6027454149862, Oeiras), Transaction(0x002c, 579.4907759968546, Oeiras), Transaction(0x003b, 780.8033644342268, Oeiras), Transaction(0x003c, 859.9002769328064, Oeiras), Transaction(0x002e, 592.3656295749994, Oeiras), Transaction(0x0066, 1136.5538293406657, Oeiras), Transaction(0x0076, 1275.6442641478468, Oeiras), Transaction(0x001d, 405.4439012436639, Oeiras), Transaction(0x004d, 902.0957949999998, Oeiras), Transaction(0x0045, 865.0311478632002, Oeiras), Transaction(0x002e, 546.8110340697068, Oeiras), Transaction(0x003a, 756.4371493820195, Oeiras), Transaction(0x0042, 751.0706449544703, Oeiras), Transaction(0x003a, 648.8668232684081, Oeiras), Transaction(0x003d, 742.623125, Oeiras), Transaction(0x005d, 963.3229455855559, Oeiras), Transaction(0x003e, 704.441504456426, Oeiras), Transaction(0x0034, 587.1406964001978, Oeiras), Transaction(0x001e, 325.19886049055793, Oeiras), Transaction(0x0062, 987.3627758076956, Oeiras), Transaction(0x0030, 538.8142839490359, Oeiras), Transaction(0x0048, 728.2923159551729, Oeiras), Transaction(0x0035, 498.0911286791738, Oeiras), Transaction(0x0047, 729.7192372666406, Oeiras), Transaction(0x0032, 397.48964412460316, Oeiras), Transaction(0x0021, 326.7523490017904, Oeiras), Transaction(0x001a, 276.31851580871734, Oeiras), Transaction(0x0040, 496.7468943923522, Oeiras), Transaction(0x0046, 359.85348889278055, Oeiras), Transaction(0x0032, 437.62459968871997, Oeiras), Transaction(0x0043, 623.236755034022, Oeiras), Transaction(0x0039, 542.4299073941394, Oeiras)]);Dict{HouseLocation, Dict{SizeInterval, Int64}}(Oeiras => Dict(LessThan75 => 5, LessThan125 => 1, More => 6, LessThan50 => 7));Dict{HouseLocation, Dict{SizeInterval, Int64}}(Oeiras => Dict(LessThan75 => 40, LessThan125 => 20, More => 15, LessThan50 => 39));Dict{HouseLocation, Dict{SizeInterval, Int64}}(Oeiras => Dict(LessThan75 => 409, LessThan125 => 674, More => 688, LessThan50 => 338));House[House(0x0030, Oeiras, NotSocialNeighbourhood, 1.0, 2), House(0x0027, Oeiras, NotSocialNeighbourhood, 1.0, 13), House(0x003e, Oeiras, NotSocialNeighbourhood, 1.0, 7), House(0x0048, Oeiras, NotSocialNeighbourhood, 1.0, 12), House(0x0052, Oeiras, NotSocialNeighbourhood, 1.0, 22), House(0x008e, Oeiras, NotSocialNeighbourhood, 1.0, 3), House(0x002f, Oeiras, NotSocialNeighbourhood, 1.0, 1), House(0x0070, Oeiras, NotSocialNeighbourhood, 1.0, 1), House(0x004a, Oeiras, NotSocialNeighbourhood, 1.0, 6), House(0x008e, Oeiras, NotSocialNeighbourhood, 1.0, 75), House(0x0083, Oeiras, NotSocialNeighbourhood, 1.0, 100), House(0x0034, Oeiras, NotSocialNeighbourhood, 1.0, 19), House(0x0056, Oeiras, NotSocialNeighbourhood, 1.0, 9), House(0x006f, Oeiras, NotSocialNeighbourhood, 1.0, 1), House(0x0038, Oeiras, NotSocialNeighbourhood, 1.0, 37), House(0x0028, Oeiras, NotSocialNeighbourhood, 1.0, 20), House(0x003c, Oeiras, NotSocialNeighbourhood, 1.0, 21), House(0x001b, Oeiras, NotSocialNeighbourhood, 1.0, 26), House(0x0020, Oeiras, NotSocialNeighbourhood, 1.0, 76), House(0x0027, Oeiras, NotSocialNeighbourhood, 1.0, 36), House(0x0026, Oeiras, NotSocialNeighbourhood, 1.0, 39), House(0x0031, Oeiras, NotSocialNeighbourhood, 1.0, 21), House(0x002a, Oeiras, NotSocialNeighbourhood, 1.0, 87), House(0x001b, Oeiras, NotSocialNeighbourhood, 1.0, 67), House(0x0071, Oeiras, NotSocialNeighbourhood, 1.0, 96), House(0x0089, Oeiras, NotSocialNeighbourhood, 1.0, 90), House(0x0082, Oeiras, NotSocialNeighbourhood, 1.0, 19), House(0x007e, Oeiras, NotSocialNeighbourhood, 1.0, 53), House(0x0082, Oeiras, NotSocialNeighbourhood, 1.0, 95), House(0x0089, Oeiras, NotSocialNeighbourhood, 1.0, 16), House(0x007e, Oeiras, NotSocialNeighbourhood, 1.0, 96), House(0x0040, Oeiras, NotSocialNeighbourhood, 1.0, 99), House(0x0044, Oeiras, NotSocialNeighbourhood, 1.0, 38), House(0x0049, Oeiras, NotSocialNeighbourhood, 1.0, 64), House(0x003e, Oeiras, NotSocialNeighbourhood, 1.0, 22), House(0x0048, Oeiras, NotSocialNeighbourhood, 1.0, 4)];Mortgage[Mortgage(65478.22093066703, 61569.81032841685, 29, 0x015c), Mortgage(199191.79263350228, 188352.86300851448, 29, 0x0174), Mortgage(119980.96505315676, 111232.19152937586, 29, 0x012c), Mortgage(56223.91202950488, 49537.63587938594, 29, 0x00cc), Mortgage(113373.3612494658, 108589.21742612404, 29, 0x01bc), Mortgage(93162.8319384726, 86369.58338356517, 29, 0x012c), Mortgage(70203.71882340792, 64493.55673998834, 29, 0x0114), Mortgage(85211.45258954715, 81615.68864560586, 29, 0x01bc), Mortgage(229124.18389964072, 212416.90376673816, 29, 0x012c), Mortgage(181811.71060467054, 171918.51013597212, 29, 0x0174), Mortgage(111756.48839833305, 103157.30887452401, 29, 0x0120), Mortgage(169917.32514845688, 157527.29148910195, 29, 0x012c), Mortgage(269474.99653809523, 237428.41391217412, 29, 0x00cc), Mortgage(193476.83975143684, 184620.97765389385, 29, 0x01a4), Mortgage(72682.95209717259, 66771.13653907865, 29, 0x0114), Mortgage(36308.06592181565, 30362.76728896622, 29, 0x009c), Mortgage(50159.44635119762, 40199.78812201724, 29, 0x0084), Mortgage(161106.79204394808, 145440.83614285232, 29, 0x00f0), Mortgage(152317.78476583614, 139928.7083212085, 29, 0x0114), Mortgage(214653.77244768228, 184966.57917342108, 29, 0x00b4), Mortgage(79961.2673980167, 73073.2653348773, 29, 0x0108), Mortgage(94211.29803615877, 87690.74791544997, 29, 0x0138), Mortgage(125372.03800982035, 115174.64861559901, 29, 0x0114), Mortgage(116332.97684637133, 110537.97092857969, 29, 0x018c), Mortgage(183405.9478918635, 164388.6624045245, 29, 0x00e4), Mortgage(94116.2084994257, 57590.04291623016, 29, 0x0048), Mortgage(93978.20067620272, 85386.81457526276, 29, 0x00fc), Mortgage(124767.52685245038, 107511.84277206434, 29, 0x00b4), Mortgage(79220.95714039844, 74910.18525609275, 29, 0x0174), Mortgage(91653.09570497337, 84819.7094180491, 23, 0x00fc), Mortgage(169691.26876769445, 157794.96011191257, 28, 0x012c), Mortgage(69687.80981661243, 64325.633572328676, 29, 0x0120), Mortgage(74602.23428158114, 68175.86861270622, 29, 0x0108), Mortgage(17734.958960035525, 15282.166501025802, 29, 0x00b4), Mortgage(141437.2857410237, 132131.87744049268, 29, 0x0144), Mortgage(76058.8760068778, 69507.03269694507, 29, 0x0108), Mortgage(212837.40097003404, 198834.4532517326, 29, 0x0144), Mortgage(74810.22643736584, 68725.38469943435, 29, 0x0114), Mortgage(119941.90265157365, 110186.18434757607, 29, 0x0114), Mortgage(240101.7578105563, 220572.59359261894, 29, 0x0114), Mortgage(274782.25089702685, 254745.67525865158, 29, 0x012c), Mortgage(76347.39711406907, 71324.36730190167, 29, 0x0144), Mortgage(121817.85015162056, 116241.97821083492, 29, 0x01a4), Mortgage(82377.56141916206, 78901.38238290453, 29, 0x01bc), Mortgage(112238.47560065545, 106647.43299225862, 29, 0x018c), Mortgage(107940.700627351, 102788.75271422011, 29, 0x0198), Mortgage(99416.13900084226, 94463.82771773386, 29, 0x018c), Mortgage(185422.4187356338, 175332.74324750563, 29, 0x0174), Mortgage(274001.05761751335, 251714.62498621654, 29, 0x0114), Mortgage(172632.4996216286, 162328.02460346092, 29, 0x015c), Mortgage(96600.53881574345, 91098.21838468868, 29, 0x0168), Mortgage(172000.79926776132, 164742.6872001826, 29, 0x01bc), Mortgage(56290.30162939406, 51959.00582636899, 29, 0x0120), Mortgage(206656.23701456032, 169522.44009601584, 29, 0x0090), Mortgage(54694.908367003314, 51269.548280475006, 29, 0x0150), Mortgage(159592.61839751474, 145845.03384120535, 29, 0x0108), Mortgage(204887.75297389692, 193217.44468077758, 29, 0x0168), Mortgage(25687.12075655922, 13570.728768522638, 29, 0x003c), Mortgage(206589.20263301913, 194257.84392465907, 29, 0x015c), Mortgage(107189.76414074149, 96766.67708914384, 29, 0x00f0), Mortgage(201677.137566515, 189046.76962165564, 29, 0x0150), Mortgage(70712.6367071482, 66864.84115928487, 29, 0x0174), Mortgage(158414.99756189424, 138138.3898806519, 29, 0x00c0), Mortgage(130188.05543859574, 118973.43086300528, 29, 0x0108), Mortgage(88440.58650982342, 76209.01585039753, 29, 0x00b4), Mortgage(97215.97056289762, 93422.6767809175, 29, 0x01d4), Mortgage(128048.01007576095, 122186.96996081705, 29, 0x01a4), Mortgage(123148.83478826833, 111890.70066850331, 29, 0x00fc), Mortgage(107524.59037187562, 100450.3580680281, 29, 0x0144), Mortgage(58576.83568957815, 54069.6009576137, 29, 0x0120), Mortgage(171978.21219609643, 155255.12402562125, 29, 0x00f0), Mortgage(148384.90614867094, 139092.05330111884, 29, 0x0150), Mortgage(99680.08815909327, 87825.9041999596, 29, 0x00cc), Mortgage(35302.22294248451, 30419.83069028204, 29, 0x00b4), Mortgage(355743.1284997537, 329803.04656670074, 29, 0x012c), Mortgage(37737.783055844055, 32073.19030380849, 29, 0x00a8), Mortgage(231640.76030538176, 196870.55215722008, 29, 0x00a8), Mortgage(145829.27638975228, 133967.95595474954, 29, 0x0114), Mortgage(70127.06194863735, 60428.30092484632, 29, 0x00b4), Mortgage(80127.7912798491, 67007.19022731284, 29, 0x009c), Mortgage(278294.82976721524, 245199.3724109669, 29, 0x00cc), Mortgage(82863.1144646518, 78354.15626755281, 29, 0x0174), Mortgage(59655.14212270097, 55730.32518514761, 29, 0x0144), Mortgage(99585.59118543938, 88544.14610287794, 29, 0x00d8), Mortgage(117160.28388997515, 106449.61665702188, 29, 0x00fc), Mortgage(108863.9438872162, 102046.15738045075, 29, 0x0150), Mortgage(177958.50657447203, 167336.120932798, 29, 0x015c), Mortgage(109958.25141572613, 98556.72664023534, 29, 0x00e4), Mortgage(250053.2316679086, 237041.0098249377, 29, 0x0180), Mortgage(220707.2251426116, 202755.55463757447, 29, 0x0114), Mortgage(199061.54768632556, 185964.9376343721, 29, 0x0144), Mortgage(113565.04843368244, 107655.37234603503, 29, 0x0180), Mortgage(109130.7694381586, 101577.61321734184, 29, 0x0138), Mortgage(250274.8091704703, 236656.2207354681, 29, 0x0174), Mortgage(76712.28159538883, 72538.01813507393, 29, 0x0174), Mortgage(30689.334021643324, 29160.576853300878, 29, 0x018c), Mortgage(55545.335891542105, 53002.903239400584, 29, 0x01a4), Mortgage(175723.43933426592, 168595.53030393666, 29, 0x01c8), Mortgage(156752.1221978912, 145902.9980416086, 29, 0x0138), Mortgage(165551.31627229252, 151290.4391608415, 29, 0x0108), Mortgage(82358.22982101701, 79144.67386651643, 29, 0x01d4), Mortgage(130608.21527216713, 119984.93076346154, 29, 0x0114), Mortgage(94267.86652903224, 81230.3673912906, 29, 0x00b4), Mortgage(83926.55400679745, 80651.80322651254, 29, 0x01d4), Mortgage(122358.66992807617, 112943.69828673638, 29, 0x0120), Mortgage(224558.12318662822, 193501.13160279003, 29, 0x00b4), Mortgage(107357.13627100986, 93615.76981296072, 29, 0x00c0), Mortgage(119634.55368942603, 107229.69720678021, 29, 0x00e4), Mortgage(185878.6747950234, 172324.77124072457, 29, 0x012c), Mortgage(79216.55349198979, 74004.75682506594, 29, 0x0144), Mortgage(117704.14419374264, 108130.43851972983, 29, 0x0114), Mortgage(97955.63312404513, 91820.9978175504, 29, 0x0150), Mortgage(64309.23748213263, 53778.860499083654, 29, 0x009c), Mortgage(87783.13526947235, 84078.85112578422, 29, 0x01bc)];House[House(0x0017, Oeiras, NotSocialNeighbourhood, 1.0, 16), House(0x0040, Oeiras, NotSocialNeighbourhood, 1.0, 2), House(0x0030, Oeiras, NotSocialNeighbourhood, 1.0, 2), House(0x0061, Oeiras, NotSocialNeighbourhood, 1.0, 6), House(0x0027, Oeiras, NotSocialNeighbourhood, 1.0, 13), House(0x0029, Oeiras, NotSocialNeighbourhood, 1.0, 2), House(0x0055, Oeiras, NotSocialNeighbourhood, 1.0, 4), House(0x002e, Oeiras, NotSocialNeighbourhood, 1.0, 4), House(0x0023, Oeiras, NotSocialNeighbourhood, 1.0, 69), House(0x0022, Oeiras, NotSocialNeighbourhood, 1.0, 68), House(0x004d, Oeiras, NotSocialNeighbourhood, 1.0, 10), House(0x005c, Oeiras, NotSocialNeighbourhood, 1.0, 5), House(0x0036, Oeiras, NotSocialNeighbourhood, 1.0, 9), House(0x003e, Oeiras, NotSocialNeighbourhood, 1.0, 7), House(0x0069, Oeiras, NotSocialNeighbourhood, 1.0, 3), House(0x0048, Oeiras, NotSocialNeighbourhood, 1.0, 12), House(0x0052, Oeiras, NotSocialNeighbourhood, 1.0, 22), House(0x0057, Oeiras, NotSocialNeighbourhood, 1.0, 1), House(0x0094, Oeiras, NotSocialNeighbourhood, 1.0, 95), House(0x002f, Oeiras, NotSocialNeighbourhood, 1.0, 4), House(0x00c6, Oeiras, NotSocialNeighbourhood, 1.0, 62), House(0x0034, Oeiras, NotSocialNeighbourhood, 1.0, 66), House(0x002f, Oeiras, NotSocialNeighbourhood, 1.0, 14), House(0x0054, Oeiras, NotSocialNeighbourhood, 1.0, 4), House(0x0031, Oeiras, NotSocialNeighbourhood, 1.0, 1), House(0x0032, Oeiras, NotSocialNeighbourhood, 1.0, 16), House(0x009d, Oeiras, NotSocialNeighbourhood, 1.0, 85), House(0x008e, Oeiras, NotSocialNeighbourhood, 1.0, 3), House(0x001c, Oeiras, NotSocialNeighbourhood, 1.0, 7), House(0x0028, Oeiras, NotSocialNeighbourhood, 1.0, 7), House(0x0118, Oeiras, NotSocialNeighbourhood, 1.0, 82), House(0x0020, Oeiras, NotSocialNeighbourhood, 1.0, 24), House(0x002f, Oeiras, NotSocialNeighbourhood, 1.0, 1), House(0x0045, Oeiras, NotSocialNeighbourhood, 1.0, 13), House(0x0039, Oeiras, NotSocialNeighbourhood, 1.0, 9), House(0x0033, Oeiras, NotSocialNeighbourhood, 1.0, 3), House(0x0058, Oeiras, NotSocialNeighbourhood, 1.0, 12), House(0x0029, Oeiras, NotSocialNeighbourhood, 1.0, 5), House(0x004e, Oeiras, NotSocialNeighbourhood, 1.0, 6), House(0x004a, Oeiras, NotSocialNeighbourhood, 1.0, 5), House(0x004c, Oeiras, NotSocialNeighbourhood, 1.0, 7), House(0x0048, Oeiras, NotSocialNeighbourhood, 1.0, 1), House(0x0036, Oeiras, NotSocialNeighbourhood, 1.0, 1), House(0x002b, Oeiras, NotSocialNeighbourhood, 1.0, 12), House(0x0029, Oeiras, NotSocialNeighbourhood, 1.0, 2), House(0x002f, Oeiras, NotSocialNeighbourhood, 1.0, 6), House(0x0025, Oeiras, NotSocialNeighbourhood, 1.0, 1), House(0x002f, Oeiras, NotSocialNeighbourhood, 1.0, 48), House(0x002b, Oeiras, NotSocialNeighbourhood, 1.0, 13), House(0x0092, Oeiras, NotSocialNeighbourhood, 1.0, 78), House(0x003e, Oeiras, NotSocialNeighbourhood, 1.0, 5), House(0x0017, Oeiras, NotSocialNeighbourhood, 1.0, 13), House(0x0070, Oeiras, NotSocialNeighbourhood, 1.0, 1), House(0x004a, Oeiras, NotSocialNeighbourhood, 1.0, 6), House(0x002e, Oeiras, NotSocialNeighbourhood, 1.0, 8), House(0x001e, Oeiras, NotSocialNeighbourhood, 1.0, 19), House(0x0023, Oeiras, NotSocialNeighbourhood, 1.0, 69), House(0x0039, Oeiras, NotSocialNeighbourhood, 1.0, 16), House(0x0022, Oeiras, NotSocialNeighbourhood, 1.0, 4), House(0x008e, Oeiras, NotSocialNeighbourhood, 1.0, 75), House(0x0045, Oeiras, NotSocialNeighbourhood, 1.0, 24), House(0x0042, Oeiras, NotSocialNeighbourhood, 1.0, 27), House(0x003b, Oeiras, NotSocialNeighbourhood, 1.0, 10), House(0x0039, Oeiras, NotSocialNeighbourhood, 1.0, 4), House(0x0033, Oeiras, NotSocialNeighbourhood, 1.0, 12), House(0x001d, Oeiras, NotSocialNeighbourhood, 1.0, 24), House(0x0040, Oeiras, NotSocialNeighbourhood, 1.0, 7), House(0x0034, Oeiras, NotSocialNeighbourhood, 1.0, 29), House(0x0083, Oeiras, NotSocialNeighbourhood, 1.0, 100), House(0x0032, Oeiras, NotSocialNeighbourhood, 1.0, 9), House(0x011f, Oeiras, NotSocialNeighbourhood, 1.0, 37), House(0x006f, Oeiras, NotSocialNeighbourhood, 1.0, 2), House(0x0033, Oeiras, NotSocialNeighbourhood, 1.0, 11), House(0x001e, Oeiras, NotSocialNeighbourhood, 1.0, 21), House(0x0033, Oeiras, NotSocialNeighbourhood, 1.0, 9), House(0x005d, Oeiras, NotSocialNeighbourhood, 1.0, 18), House(0x0086, Oeiras, NotSocialNeighbourhood, 1.0, 2), House(0x004b, Oeiras, NotSocialNeighbourhood, 1.0, 9), House(0x0129, Oeiras, NotSocialNeighbourhood, 1.0, 53), House(0x0033, Oeiras, NotSocialNeighbourhood, 1.0, 18), House(0x00fa, Oeiras, NotSocialNeighbourhood, 1.0, 73), House(0x0036, Oeiras, NotSocialNeighbourhood, 1.0, 31), House(0x00f0, Oeiras, NotSocialNeighbourhood, 1.0, 64), House(0x0062, Oeiras, NotSocialNeighbourhood, 1.0, 1), House(0x0022, Oeiras, NotSocialNeighbourhood, 1.0, 4), House(0x00a8, Oeiras, NotSocialNeighbourhood, 1.0, 98), House(0x003f, Oeiras, NotSocialNeighbourhood, 1.0, 2), House(0x003e, Oeiras, NotSocialNeighbourhood, 1.0, 36), House(0x0034, Oeiras, NotSocialNeighbourhood, 1.0, 19), House(0x0029, Oeiras, NotSocialNeighbourhood, 1.0, 14), House(0x003f, Oeiras, NotSocialNeighbourhood, 1.0, 3), House(0x001f, Oeiras, NotSocialNeighbourhood, 1.0, 15), House(0x0032, Oeiras, NotSocialNeighbourhood, 1.0, 2), House(0x0039, Oeiras, NotSocialNeighbourhood, 1.0, 21), House(0x0026, Oeiras, NotSocialNeighbourhood, 1.0, 61), House(0x00da, Oeiras, NotSocialNeighbourhood, 1.0, 58), House(0x0024, Oeiras, NotSocialNeighbourhood, 1.0, 4), House(0x0028, Oeiras, NotSocialNeighbourhood, 1.0, 9), House(0x0056, Oeiras, NotSocialNeighbourhood, 1.0, 9), House(0x0036, Oeiras, NotSocialNeighbourhood, 1.0, 11), House(0x006f, Oeiras, NotSocialNeighbourhood, 1.0, 1), House(0x001c, Oeiras, NotSocialNeighbourhood, 1.0, 1), House(0x0038, Oeiras, NotSocialNeighbourhood, 1.0, 37), House(0x0040, Oeiras, NotSocialNeighbourhood, 1.0, 39), House(0x0030, Oeiras, NotSocialNeighbourhood, 1.0, 14), House(0x003c, Oeiras, NotSocialNeighbourhood, 1.0, 18), House(0x006e, Oeiras, NotSocialNeighbourhood, 1.0, 6), House(0x0029, Oeiras, NotSocialNeighbourhood, 1.0, 1), House(0x002a, Oeiras, NotSocialNeighbourhood, 1.0, 2), House(0x0028, Oeiras, NotSocialNeighbourhood, 1.0, 20), House(0x003c, Oeiras, NotSocialNeighbourhood, 1.0, 21), House(0x0034, Oeiras, NotSocialNeighbourhood, 1.0, 20), House(0x0035, Oeiras, NotSocialNeighbourhood, 1.0, 6), House(0x0052, Oeiras, NotSocialNeighbourhood, 1.0, 4), House(0x001b, Oeiras, NotSocialNeighbourhood, 1.0, 26), House(0x0020, Oeiras, NotSocialNeighbourhood, 1.0, 76), House(0x0027, Oeiras, NotSocialNeighbourhood, 1.0, 36), House(0x0026, Oeiras, NotSocialNeighbourhood, 1.0, 39), House(0x0031, Oeiras, NotSocialNeighbourhood, 1.0, 21), House(0x002a, Oeiras, NotSocialNeighbourhood, 1.0, 87), House(0x001b, Oeiras, NotSocialNeighbourhood, 1.0, 67), House(0x0071, Oeiras, NotSocialNeighbourhood, 1.0, 96), House(0x0089, Oeiras, NotSocialNeighbourhood, 1.0, 90), House(0x0082, Oeiras, NotSocialNeighbourhood, 1.0, 19), House(0x007e, Oeiras, NotSocialNeighbourhood, 1.0, 53), House(0x0082, Oeiras, NotSocialNeighbourhood, 1.0, 95), House(0x0089, Oeiras, NotSocialNeighbourhood, 1.0, 16), House(0x007e, Oeiras, NotSocialNeighbourhood, 1.0, 96), House(0x0040, Oeiras, NotSocialNeighbourhood, 1.0, 99), House(0x0044, Oeiras, NotSocialNeighbourhood, 1.0, 38), House(0x0049, Oeiras, NotSocialNeighbourhood, 1.0, 64), House(0x003e, Oeiras, NotSocialNeighbourhood, 1.0, 22), House(0x0048, Oeiras, NotSocialNeighbourhood, 1.0, 4)];Dict{HouseLocation, Float64}(Oeiras => 5.1803731095214705)
8;126;7.047158642250557e9;2.687266559933304e8;4.462082272653091e9;4.769481449122498e9;2275.53007363326;Dict{HouseLocation, Int64}(Oeiras => 208);Dict{HouseLocation, Int64}(Oeiras => 6124);Dict{HouseLocation, Int64}(Oeiras => 81);Dict{HouseLocation, Int64}(Oeiras => 5545);1783.3290484108418;0.2;0.15;1.0;1.0;193;16;86;111;73582;9.21804607516604e6;1.861183604704134e7;8.908674150130935e7;1.46026e8;0.0;2.0696237511987272e6;2.4069800006457755e8;1.516112585632704e8;1.0546707093323515e8;Dict{Any, Any}(Oeiras => Transaction[Transaction(0x0020, 46521.23682711371, Oeiras), Transaction(0x001e, 44350.55988653959, Oeiras), Transaction(0x0086, 171655.69458232156, Oeiras), Transaction(0x0030, 65956.57732604469, Oeiras), Transaction(0x005f, 257162.61429118042, Oeiras), Transaction(0x0076, 198189.28653918466, Oeiras), Transaction(0x0040, 96423.44115270433, Oeiras), Transaction(0x0034, 128690.19437917692, Oeiras), Transaction(0x007e, 398612.07421940926, Oeiras), Transaction(0x0056, 284541.02816378826, Oeiras), Transaction(0x005a, 277688.3419051769, Oeiras), Transaction(0x0034, 139135.4901141607, Oeiras), Transaction(0x004e, 212526.34582282466, Oeiras), Transaction(0x0039, 90573.38230103129, Oeiras), Transaction(0x0045, 122356.8180819983, Oeiras), Transaction(0x0082, 391682.05235297786, Oeiras), Transaction(0x004a, 108869.00681529411, Oeiras), Transaction(0x0089, 248583.46133395814, Oeiras), Transaction(0x0028, 105381.32601793666, Oeiras), Transaction(0x0038, 127304.37910435667, Oeiras), Transaction(0x0036, 149358.41588843724, Oeiras), Transaction(0x003d, 203249.60718931103, Oeiras), Transaction(0x0043, 134506.60272848667, Oeiras), Transaction(0x0056, 124666.57183505651, Oeiras), Transaction(0x009d, 456582.8626379845, Oeiras), Transaction(0x0036, 77516.15185048123, Oeiras), Transaction(0x0040, 169240.49297687167, Oeiras), Transaction(0x002e, 90599.40163319322, Oeiras), Transaction(0x0052, 167190.04902663146, Oeiras), Transaction(0x0054, 215433.7574121987, Oeiras), Transaction(0x002e, 97082.5458576972, Oeiras), Transaction(0x0036, 75347.75917387393, Oeiras), Transaction(0x00da, 464471.93771744036, Oeiras), Transaction(0x002f, 94437.85827180225, Oeiras), Transaction(0x0040, 201126.17409047787, Oeiras), Transaction(0x002a, 65826.06801127423, Oeiras), Transaction(0x004e, 103696.21270153798, Oeiras), Transaction(0x0094, 471550.4295677067, Oeiras), Transaction(0x0027, 73886.64766968944, Oeiras), Transaction(0x0038, 105976.11502254059, Oeiras), Transaction(0x0082, 238747.12462495686, Oeiras), Transaction(0x005b, 226939.68465065482, Oeiras), Transaction(0x0049, 202472.85685447298, Oeiras), Transaction(0x003e, 160914.38705808824, Oeiras), Transaction(0x0048, 214772.45322158074, Oeiras), Transaction(0x0063, 161048.65201418172, Oeiras), Transaction(0x0017, 30270.543995307675, Oeiras), Transaction(0x0092, 382083.6929439154, Oeiras), Transaction(0x0039, 85684.62107786728, Oeiras), Transaction(0x001b, 47402.50249519294, Oeiras), Transaction(0x0041, 145409.80304188016, Oeiras), Transaction(0x001b, 65778.30045321486, Oeiras), Transaction(0x006b, 288463.6495581738, Oeiras), Transaction(0x0046, 234578.32236605542, Oeiras), Transaction(0x005c, 148894.81692013322, Oeiras), Transaction(0x0044, 177743.02216044615, Oeiras), Transaction(0x003c, 103683.4046678167, Oeiras), Transaction(0x0049, 182756.19109963864, Oeiras), Transaction(0x005a, 161096.5944822633, Oeiras), Transaction(0x0049, 173908.55351707095, Oeiras), Transaction(0x006c, 306248.76329459087, Oeiras), Transaction(0x004c, 115614.63148237193, Oeiras), Transaction(0x005b, 253780.73394926373, Oeiras), Transaction(0x0044, 150691.71884202273, Oeiras), Transaction(0x0086, 301547.3514946322, Oeiras), Transaction(0x0046, 126195.91540626925, Oeiras), Transaction(0x005a, 283489.6926593438, Oeiras), Transaction(0x0040, 129168.07245458468, Oeiras), Transaction(0x0053, 127724.43167323252, Oeiras), Transaction(0x0031, 82709.44206056285, Oeiras), Transaction(0x0069, 278902.55881095777, Oeiras), Transaction(0x002b, 64496.96234832187, Oeiras), Transaction(0x0016, 36117.75002508963, Oeiras), Transaction(0x002a, 118012.1750793454, Oeiras), Transaction(0x006e, 149507.0015054127, Oeiras), Transaction(0x005c, 144767.3852186339, Oeiras), Transaction(0x005f, 197282.46841515394, Oeiras), Transaction(0x002f, 66666.08428718541, Oeiras), Transaction(0x0036, 86929.88972178835, Oeiras), Transaction(0x005b, 222083.49723780376, Oeiras), Transaction(0x0034, 85030.52822114303, Oeiras), Transaction(0x008e, 358128.75881113205, Oeiras), Transaction(0x003c, 103040.63857124887, Oeiras), Transaction(0x0028, 49048.92626050384, Oeiras), Transaction(0x005d, 140329.16302845243, Oeiras), Transaction(0x0071, 353589.3872658531, Oeiras), Transaction(0x0044, 131035.78130931186, Oeiras), Transaction(0x0023, 84463.47986123021, Oeiras), Transaction(0x0066, 251655.08765881156, Oeiras), Transaction(0x003c, 185908.03076318456, Oeiras), Transaction(0x007e, 280007.87002844486, Oeiras), Transaction(0x0072, 308000.05518897966, Oeiras), Transaction(0x0062, 212660.46736296138, Oeiras), Transaction(0x0020, 82208.36077970904, Oeiras), Transaction(0x0048, 202446.6430204767, Oeiras), Transaction(0x0026, 75178.97438629877, Oeiras), Transaction(0x003b, 150254.31252481006, Oeiras), Transaction(0x0044, 164138.1948063295, Oeiras), Transaction(0x004f, 231997.00378044334, Oeiras), Transaction(0x0058, 127254.3517006689, Oeiras), Transaction(0x004a, 204130.75961402507, Oeiras), Transaction(0x0077, 226732.69029699976, Oeiras), Transaction(0x003f, 166812.20299158135, Oeiras), Transaction(0x004f, 146691.54465120452, Oeiras), Transaction(0x0068, 222115.273098644, Oeiras)]);Dict{Any, Any}(Oeiras => Transaction[Transaction(0x0080, 1891.4418272473872, Oeiras), Transaction(0x0077, 1804.684242841655, Oeiras), Transaction(0x0071, 1607.7582368322574, Oeiras), Transaction(0x008e, 1751.1437731310823, Oeiras), Transaction(0x008c, 1811.936461939129, Oeiras), Transaction(0x0062, 1385.987016793216, Oeiras), Transaction(0x005b, 1197.4842842932935, Oeiras), Transaction(0x0056, 1142.1570345398359, Oeiras), Transaction(0x006c, 1399.8260869245937, Oeiras), Transaction(0x0057, 1183.8580013609733, Oeiras), Transaction(0x0044, 952.8063427960316, Oeiras), Transaction(0x0062, 1292.901872142031, Oeiras), Transaction(0x0050, 1007.918048557314, Oeiras), Transaction(0x0068, 1250.503527813513, Oeiras), Transaction(0x0028, 539.2749743070907, Oeiras), Transaction(0x0028, 516.7556287047225, Oeiras), Transaction(0x0015, 285.7895405385493, Oeiras), Transaction(0x0126, 3055.4191186069447, Oeiras), Transaction(0x0026, 483.3288934151842, Oeiras), Transaction(0x001e, 409.91967402038404, Oeiras), Transaction(0x0056, 960.8804951729431, Oeiras), Transaction(0x002f, 494.914244345475, Oeiras), Transaction(0x0028, 323.48705733364386, Oeiras), Transaction(0x0023, 377.86879045248884, Oeiras), Transaction(0x0026, 217.04410094196433, Oeiras), Transaction(0x003b, 689.3038675529953, Oeiras), Transaction(0x004e, 810.344163048619, Oeiras), Transaction(0x0045, 729.2640794056214, Oeiras), Transaction(0x0061, 845.9712325941638, Oeiras), Transaction(0x0079, 1076.5610969767756, Oeiras), Transaction(0x0036, 566.7659980369172, Oeiras), Transaction(0x0067, 859.9221029440549, Oeiras), Transaction(0x0033, 437.3648219734703, Oeiras), Transaction(0x003f, 593.80971240443, Oeiras), Transaction(0x003e, 583.8832773573137, Oeiras)]);Dict{HouseLocation, Dict{SizeInterval, Int64}}(Oeiras => Dict(LessThan75 => 4, LessThan125 => 9, More => 7, LessThan50 => 3));Dict{HouseLocation, Dict{SizeInterval, Int64}}(Oeiras => Dict(LessThan75 => 35, LessThan125 => 21, More => 12, LessThan50 => 35));Dict{HouseLocation, Dict{SizeInterval, Int64}}(Oeiras => Dict(LessThan75 => 427, LessThan125 => 676, More => 735, LessThan50 => 320));House[House(0x0048, Oeiras, NotSocialNeighbourhood, 1.0, 12), House(0x0070, Oeiras, NotSocialNeighbourhood, 1.0, 1), House(0x0056, Oeiras, NotSocialNeighbourhood, 1.0, 9), House(0x0027, Oeiras, NotSocialNeighbourhood, 1.0, 13), House(0x0089, Oeiras, NotSocialNeighbourhood, 1.0, 90), House(0x003e, Oeiras, NotSocialNeighbourhood, 1.0, 22), House(0x0052, Oeiras, NotSocialNeighbourhood, 1.0, 22), House(0x006f, Oeiras, NotSocialNeighbourhood, 1.0, 1), House(0x008e, Oeiras, NotSocialNeighbourhood, 1.0, 3), House(0x0048, Oeiras, NotSocialNeighbourhood, 1.0, 4), House(0x0030, Oeiras, NotSocialNeighbourhood, 1.0, 2), House(0x002f, Oeiras, NotSocialNeighbourhood, 1.0, 1), House(0x0083, Oeiras, NotSocialNeighbourhood, 1.0, 100), House(0x0028, Oeiras, NotSocialNeighbourhood, 1.0, 20), House(0x003e, Oeiras, NotSocialNeighbourhood, 1.0, 7), House(0x0085, Oeiras, NotSocialNeighbourhood, 1.0, 69), House(0x007d, Oeiras, NotSocialNeighbourhood, 1.0, 88), House(0x0082, Oeiras, NotSocialNeighbourhood, 1.0, 66), House(0x0084, Oeiras, NotSocialNeighbourhood, 1.0, 29), House(0x0087, Oeiras, NotSocialNeighbourhood, 1.0, 75), House(0x008f, Oeiras, NotSocialNeighbourhood, 1.0, 91), House(0x008e, Oeiras, NotSocialNeighbourhood, 1.0, 18), House(0x0020, Oeiras, NotSocialNeighbourhood, 1.0, 67), House(0x0023, Oeiras, NotSocialNeighbourhood, 1.0, 81), House(0x0031, Oeiras, NotSocialNeighbourhood, 1.0, 21), House(0x006b, Oeiras, NotSocialNeighbourhood, 1.0, 73), House(0x004f, Oeiras, NotSocialNeighbourhood, 1.0, 12), House(0x006b, Oeiras, NotSocialNeighbourhood, 1.0, 30), House(0x006b, Oeiras, NotSocialNeighbourhood, 1.0, 25), House(0x0073, Oeiras, NotSocialNeighbourhood, 1.0, 99), House(0x0075, Oeiras, NotSocialNeighbourhood, 1.0, 57), House(0x0055, Oeiras, NotSocialNeighbourhood, 1.0, 23), House(0x0075, Oeiras, NotSocialNeighbourhood, 1.0, 81), House(0x0073, Oeiras, NotSocialNeighbourhood, 1.0, 49), House(0x004a, Oeiras, NotSocialNeighbourhood, 1.0, 60), House(0x003f, Oeiras, NotSocialNeighbourhood, 1.0, 19), House(0x0035, Oeiras, NotSocialNeighbourhood, 1.0, 46), House(0x0043, Oeiras, NotSocialNeighbourhood, 1.0, 33)];Mortgage[Mortgage(26011.578119015354, 23987.02197857043, 28, 0x0114), Mortgage(26320.279198255488, 24149.830248309783, 28, 0x0108), Mortgage(148658.48335281987, 140187.9091175122, 28, 0x015c), Mortgage(40405.394149762535, 36867.94564417817, 28, 0x00fc), Mortgage(107424.32314269413, 100672.02736960279, 28, 0x0144), Mortgage(168597.77911846538, 158991.06195223733, 28, 0x015c), Mortgage(83326.51185639619, 79001.82323200942, 28, 0x0174), Mortgage(19369.062449870966, 13245.862306504316, 28, 0x0054), Mortgage(242522.33414938347, 210327.93706780847, 28, 0x00b4), Mortgage(115715.6792929853, 109709.97629699283, 28, 0x0174), Mortgage(236579.34521698055, 224300.75608333238, 28, 0x0174), Mortgage(120556.72028621256, 114004.37578189447, 28, 0x0168), Mortgage(181342.38410599544, 169346.43948101118, 28, 0x0138), Mortgage(74208.81225109746, 62536.96825630241, 28, 0x009c), Mortgage(43792.834676545725, 41884.21832408887, 28, 0x01a4), Mortgage(171376.87861609802, 155411.55869925715, 28, 0x00f0), Mortgage(198400.72715725697, 185276.3594135091, 28, 0x0138), Mortgage(84111.12619975302, 78547.10752198192, 28, 0x0138), Mortgage(107740.64358416827, 96287.56762188188, 28, 0x00d8), Mortgage(130081.67208879154, 88958.5606710384, 28, 0x0054), Mortgage(164284.17903629455, 152830.11626066727, 28, 0x012c), Mortgage(110014.70426171036, 97466.24877564833, 28, 0x00cc), Mortgage(95530.1341555517, 84633.81221319757, 28, 0x00cc), Mortgage(78318.64685883501, 72858.1898453505, 28, 0x012c), Mortgage(67107.58087425308, 64413.57251375989, 28, 0x01bc), Mortgage(15612.732711385615, 14061.19423389961, 28, 0x00e4), Mortgage(70225.14001741822, 64759.31484582144, 28, 0x0114), Mortgage(143357.69404800492, 132199.7512874025, 28, 0x0114), Mortgage(132178.7155445878, 126417.99099230711, 28, 0x01a4), Mortgage(81779.7371396698, 77722.43171103118, 28, 0x0180), Mortgage(65509.34856473925, 59406.555026745285, 28, 0x00f0), Mortgage(267621.13175203756, 255957.44128537495, 28, 0x01a4), Mortgage(61093.56932386249, 25941.772811975552, 28, 0x0030), Mortgage(174475.6241666848, 164533.98684183782, 28, 0x015c), Mortgage(51509.88293828955, 46034.26498692807, 28, 0x00d8), Mortgage(85794.31594286698, 82612.41442561132, 28, 0x01d4), Mortgage(267650.9748348932, 257327.0774091845, 28, 0x01c8), Mortgage(53807.263407886465, 48087.42867669841, 28, 0x00d8), Mortgage(91838.55695624079, 85079.09764581553, 28, 0x0120), Mortgage(206234.9665556385, 189228.21433879866, 28, 0x0108), Mortgage(195691.6574149348, 182047.83278224143, 28, 0x012c), Mortgage(172423.78642402077, 157328.27062847852, 28, 0x00fc), Mortgage(139302.68473008764, 128460.3550390416, 28, 0x0114), Mortgage(186568.07282665043, 176885.09433335063, 28, 0x0174), Mortgage(334297.32671282423, 308278.00168632745, 28, 0x0114), Mortgage(72052.87024622182, 68313.28939294824, 28, 0x0174), Mortgage(126014.34234153233, 120522.27871483225, 28, 0x01a4), Mortgage(53262.45748452106, 51208.00523359775, 28, 0x01c8), Mortgage(246244.51027941133, 218157.46231009933, 28, 0x00cc), Mortgage(200767.45302575326, 183190.47991064002, 28, 0x00fc), Mortgage(154687.6870677297, 147013.2286452043, 28, 0x0180), Mortgage(88341.91176186377, 85189.52540008196, 28, 0x01e0), Mortgage(157986.34045396873, 146971.36949409568, 28, 0x012c), Mortgage(139133.55674713448, 130388.1357881314, 28, 0x0144), Mortgage(270075.8426084104, 253099.87369272555, 28, 0x0144), Mortgage(100289.85211033605, 96263.75406689532, 28, 0x01bc), Mortgage(219728.74954581697, 203556.37498865495, 28, 0x0120), Mortgage(128424.81964854374, 121107.16145673259, 28, 0x015c), Mortgage(261775.98749146162, 235761.61034282143, 28, 0x00e4), Mortgage(105019.2825123045, 94582.83549768373, 28, 0x00e4), Mortgage(242483.18418148463, 224636.0481717356, 28, 0x0120), Mortgage(109153.77725143981, 101933.16705613773, 28, 0x0138), Mortgage(105949.06846307924, 102019.67642830865, 28, 0x01d4), Mortgage(71534.43868814388, 68775.19520742199, 28, 0x01c8), Mortgage(241557.83999911387, 227793.85176457188, 28, 0x015c), Mortgage(51125.17257596345, 46044.532697854636, 28, 0x00e4), Mortgage(8464.70010680061, 7623.507974784956, 28, 0x00e4), Mortgage(79716.47678281346, 74158.56162215484, 28, 0x012c), Mortgage(122739.03980522961, 103434.1771990181, 28, 0x009c), Mortgage(121517.89979004035, 102405.1027259219, 28, 0x009c), Mortgage(170781.73764477717, 152627.24970830156, 28, 0x00d8), Mortgage(52418.510214384754, 46846.303112742266, 28, 0x00d8), Mortgage(76269.70541050643, 73441.0484219952, 28, 0x01d4), Mortgage(94482.7615722317, 81940.347472149, 28, 0x00b4), Mortgage(74436.47422365972, 71192.32085994518, 28, 0x01a4), Mortgage(108281.9147961259, 67818.32653407859, 28, 0x0048), Mortgage(82355.15460595374, 78080.87992015167, 28, 0x0174), Mortgage(42212.34531681538, 40372.61118810917, 28, 0x01a4), Mortgage(121366.1152776272, 116493.91864978013, 28, 0x01bc), Mortgage(311521.80778684246, 282500.70900997194, 28, 0x00f0), Mortgage(104704.34230848268, 96997.9413706254, 28, 0x0120), Mortgage(68511.82804007309, 65761.44671015328, 28, 0x01bc), Mortgage(7972.416551312199, 6450.802812165428, 28, 0x0084), Mortgage(161439.43796387454, 153430.0076213862, 28, 0x0180), Mortgage(244526.15989308033, 220226.00995524554, 28, 0x00e4), Mortgage(268057.7713133928, 239562.6192983123, 28, 0x00d8), Mortgage(183007.66034789637, 170248.177101598, 28, 0x012c), Mortgage(56687.99479564332, 52938.03832615929, 28, 0x0138), Mortgage(175096.160097794, 168602.27141346876, 28, 0x01d4), Mortgage(64098.21393923865, 61720.967825143416, 28, 0x01d4), Mortgage(129897.7979124098, 109466.97862681156, 28, 0x009c), Mortgage(141555.83620300633, 128368.61847954946, 28, 0x00f0), Mortgage(110419.28602205562, 104127.5848142634, 28, 0x015c), Mortgage(175835.16099995901, 164203.52361480254, 28, 0x0138), Mortgage(197274.22616789804, 186033.52237636189, 28, 0x015c), Mortgage(145115.9106411261, 137584.3205867054, 28, 0x0174), Mortgage(126798.7697097359, 119573.76399497376, 28, 0x015c), Mortgage(192629.7722469846, 183072.9083098908, 28, 0x0180)];House[House(0x002a, Oeiras, NotSocialNeighbourhood, 1.0, 2), House(0x0032, Oeiras, NotSocialNeighbourhood, 1.0, 9), House(0x00f0, Oeiras, NotSocialNeighbourhood, 1.0, 64), House(0x003d, Oeiras, NotSocialNeighbourhood, 1.0, 71), House(0x004c, Oeiras, NotSocialNeighbourhood, 1.0, 6), House(0x0033, Oeiras, NotSocialNeighbourhood, 1.0, 9), House(0x0025, Oeiras, NotSocialNeighbourhood, 1.0, 1), House(0x0061, Oeiras, NotSocialNeighbourhood, 1.0, 6), House(0x0032, Oeiras, NotSocialNeighbourhood, 1.0, 2), House(0x0118, Oeiras, NotSocialNeighbourhood, 1.0, 82), House(0x002f, Oeiras, NotSocialNeighbourhood, 1.0, 72), House(0x002f, Oeiras, NotSocialNeighbourhood, 1.0, 6), House(0x0048, Oeiras, NotSocialNeighbourhood, 1.0, 12), House(0x005c, Oeiras, NotSocialNeighbourhood, 1.0, 5), House(0x0070, Oeiras, NotSocialNeighbourhood, 1.0, 1), House(0x0022, Oeiras, NotSocialNeighbourhood, 1.0, 4), House(0x0056, Oeiras, NotSocialNeighbourhood, 1.0, 9), House(0x0028, Oeiras, NotSocialNeighbourhood, 1.0, 7), House(0x0029, Oeiras, NotSocialNeighbourhood, 1.0, 2), House(0x0069, Oeiras, NotSocialNeighbourhood, 1.0, 3), House(0x0052, Oeiras, NotSocialNeighbourhood, 1.0, 4), House(0x003e, Oeiras, NotSocialNeighbourhood, 1.0, 36), House(0x003c, Oeiras, NotSocialNeighbourhood, 1.0, 18), House(0x0027, Oeiras, NotSocialNeighbourhood, 1.0, 13), House(0x0041, Oeiras, NotSocialNeighbourhood, 1.0, 50), House(0x0089, Oeiras, NotSocialNeighbourhood, 1.0, 90), House(0x001e, Oeiras, NotSocialNeighbourhood, 1.0, 29), House(0x0032, Oeiras, NotSocialNeighbourhood, 1.0, 16), House(0x0029, Oeiras, NotSocialNeighbourhood, 1.0, 5), House(0x0048, Oeiras, NotSocialNeighbourhood, 1.0, 1), House(0x002b, Oeiras, NotSocialNeighbourhood, 1.0, 13), House(0x0026, Oeiras, NotSocialNeighbourhood, 1.0, 61), House(0x0017, Oeiras, NotSocialNeighbourhood, 1.0, 13), House(0x003f, Oeiras, NotSocialNeighbourhood, 1.0, 3), House(0x003e, Oeiras, NotSocialNeighbourhood, 1.0, 22), House(0x0094, Oeiras, NotSocialNeighbourhood, 1.0, 100), House(0x004d, Oeiras, NotSocialNeighbourhood, 1.0, 10), House(0x002e, Oeiras, NotSocialNeighbourhood, 1.0, 19), House(0x004b, Oeiras, NotSocialNeighbourhood, 1.0, 9), House(0x002f, Oeiras, NotSocialNeighbourhood, 1.0, 4), House(0x003f, Oeiras, NotSocialNeighbourhood, 1.0, 2), House(0x0055, Oeiras, NotSocialNeighbourhood, 1.0, 4), House(0x0057, Oeiras, NotSocialNeighbourhood, 1.0, 1), House(0x001f, Oeiras, NotSocialNeighbourhood, 1.0, 15), House(0x003e, Oeiras, NotSocialNeighbourhood, 1.0, 5), House(0x0024, Oeiras, NotSocialNeighbourhood, 1.0, 4), House(0x0036, Oeiras, NotSocialNeighbourhood, 1.0, 28), House(0x0062, Oeiras, NotSocialNeighbourhood, 1.0, 2), House(0x0029, Oeiras, NotSocialNeighbourhood, 1.0, 2), House(0x0045, Oeiras, NotSocialNeighbourhood, 1.0, 13), House(0x0054, Oeiras, NotSocialNeighbourhood, 1.0, 4), House(0x0034, Oeiras, NotSocialNeighbourhood, 1.0, 20), House(0x004c, Oeiras, NotSocialNeighbourhood, 1.0, 7), House(0x0029, Oeiras, NotSocialNeighbourhood, 1.0, 1), House(0x0052, Oeiras, NotSocialNeighbourhood, 1.0, 33), House(0x00a8, Oeiras, NotSocialNeighbourhood, 1.0, 98), House(0x0034, Oeiras, NotSocialNeighbourhood, 1.0, 66), House(0x0040, Oeiras, NotSocialNeighbourhood, 1.0, 2), House(0x004d, Oeiras, NotSocialNeighbourhood, 1.0, 10), House(0x002e, Oeiras, NotSocialNeighbourhood, 1.0, 8), House(0x0052, Oeiras, NotSocialNeighbourhood, 1.0, 22), House(0x0022, Oeiras, NotSocialNeighbourhood, 1.0, 68), House(0x003b, Oeiras, NotSocialNeighbourhood, 1.0, 10), House(0x001c, Oeiras, NotSocialNeighbourhood, 1.0, 7), House(0x0033, Oeiras, NotSocialNeighbourhood, 1.0, 12), House(0x006f, Oeiras, NotSocialNeighbourhood, 1.0, 1), House(0x0062, Oeiras, NotSocialNeighbourhood, 1.0, 1), House(0x0031, Oeiras, NotSocialNeighbourhood, 1.0, 87), House(0x002e, Oeiras, NotSocialNeighbourhood, 1.0, 4), House(0x0033, Oeiras, NotSocialNeighbourhood, 1.0, 3), House(0x008e, Oeiras, NotSocialNeighbourhood, 1.0, 3), House(0x0022, Oeiras, NotSocialNeighbourhood, 1.0, 4), House(0x0034, Oeiras, NotSocialNeighbourhood, 1.0, 29), House(0x0039, Oeiras, NotSocialNeighbourhood, 1.0, 4), House(0x011f, Oeiras, NotSocialNeighbourhood, 1.0, 37), House(0x0129, Oeiras, NotSocialNeighbourhood, 1.0, 53), House(0x0048, Oeiras, NotSocialNeighbourhood, 1.0, 4), House(0x0030, Oeiras, NotSocialNeighbourhood, 1.0, 2), House(0x002f, Oeiras, NotSocialNeighbourhood, 1.0, 1), House(0x0042, Oeiras, NotSocialNeighbourhood, 1.0, 27), House(0x0083, Oeiras, NotSocialNeighbourhood, 1.0, 100), House(0x006f, Oeiras, NotSocialNeighbourhood, 1.0, 2), House(0x0028, Oeiras, NotSocialNeighbourhood, 1.0, 20), House(0x00c6, Oeiras, NotSocialNeighbourhood, 1.0, 62), House(0x003e, Oeiras, NotSocialNeighbourhood, 1.0, 7), House(0x0035, Oeiras, NotSocialNeighbourhood, 1.0, 6), House(0x001e, Oeiras, NotSocialNeighbourhood, 1.0, 21), House(0x00c6, Oeiras, NotSocialNeighbourhood, 1.0, 62), House(0x0039, Oeiras, NotSocialNeighbourhood, 1.0, 9), House(0x0023, Oeiras, NotSocialNeighbourhood, 1.0, 69), House(0x001d, Oeiras, NotSocialNeighbourhood, 1.0, 24), House(0x0033, Oeiras, NotSocialNeighbourhood, 1.0, 11), House(0x0033, Oeiras, NotSocialNeighbourhood, 1.0, 18), House(0x0019, Oeiras, NotSocialNeighbourhood, 1.0, 12), House(0x003a, Oeiras, NotSocialNeighbourhood, 1.0, 4), House(0x004a, Oeiras, NotSocialNeighbourhood, 1.0, 5), House(0x0040, Oeiras, NotSocialNeighbourhood, 1.0, 7), House(0x0031, Oeiras, NotSocialNeighbourhood, 1.0, 1), House(0x0036, Oeiras, NotSocialNeighbourhood, 1.0, 1), House(0x00fa, Oeiras, NotSocialNeighbourhood, 1.0, 73), House(0x0029, Oeiras, NotSocialNeighbourhood, 1.0, 14), House(0x001c, Oeiras, NotSocialNeighbourhood, 1.0, 1), House(0x004b, Oeiras, NotSocialNeighbourhood, 1.0, 9), House(0x0085, Oeiras, NotSocialNeighbourhood, 1.0, 69), House(0x007d, Oeiras, NotSocialNeighbourhood, 1.0, 88), House(0x0082, Oeiras, NotSocialNeighbourhood, 1.0, 66), House(0x0084, Oeiras, NotSocialNeighbourhood, 1.0, 29), House(0x0087, Oeiras, NotSocialNeighbourhood, 1.0, 75), House(0x008f, Oeiras, NotSocialNeighbourhood, 1.0, 91), House(0x008e, Oeiras, NotSocialNeighbourhood, 1.0, 18), House(0x0020, Oeiras, NotSocialNeighbourhood, 1.0, 67), House(0x0023, Oeiras, NotSocialNeighbourhood, 1.0, 81), House(0x0031, Oeiras, NotSocialNeighbourhood, 1.0, 21), House(0x006b, Oeiras, NotSocialNeighbourhood, 1.0, 73), House(0x004f, Oeiras, NotSocialNeighbourhood, 1.0, 12), House(0x006b, Oeiras, NotSocialNeighbourhood, 1.0, 30), House(0x006b, Oeiras, NotSocialNeighbourhood, 1.0, 25), House(0x0073, Oeiras, NotSocialNeighbourhood, 1.0, 99), House(0x0075, Oeiras, NotSocialNeighbourhood, 1.0, 57), House(0x0055, Oeiras, NotSocialNeighbourhood, 1.0, 23), House(0x0075, Oeiras, NotSocialNeighbourhood, 1.0, 81), House(0x0073, Oeiras, NotSocialNeighbourhood, 1.0, 49), House(0x004a, Oeiras, NotSocialNeighbourhood, 1.0, 60), House(0x003f, Oeiras, NotSocialNeighbourhood, 1.0, 19), House(0x0035, Oeiras, NotSocialNeighbourhood, 1.0, 46), House(0x0043, Oeiras, NotSocialNeighbourhood, 1.0, 33)];Dict{HouseLocation, Float64}(Oeiras => 5.1935401285012635)
9;111;7.013356300504699e9;2.6227440492894757e8;4.473386792204366e9;4.757411925096085e9;2279.1136711658705;Dict{HouseLocation, Int64}(Oeiras => 190);Dict{HouseLocation, Int64}(Oeiras => 6054);Dict{HouseLocation, Int64}(Oeiras => 80);Dict{HouseLocation, Int64}(Oeiras => 5577);1707.7769141872993;0.2;0.15;1.0;1.0;181;11;93;110;73685;9.228829011281028e6;1.8730083957784344e7;8.912997774057339e7;1.46026e8;7.275957614183426e-12;1.9145130343713632e6;2.408586228765561e8;1.5172864513598558e8;1.061371424274443e8;Dict{Any, Any}(Oeiras => Transaction[Transaction(0x0041, 137879.61925948947, Oeiras), Transaction(0x0039, 64031.28994402676, Oeiras), Transaction(0x0034, 126807.30788464817, Oeiras), Transaction(0x0020, 79006.12101032493, Oeiras), Transaction(0x005c, 175396.89002108847, Oeiras), Transaction(0x0033, 69739.01802549693, Oeiras), Transaction(0x00c6, 447122.8075404196, Oeiras), Transaction(0x0082, 328512.7183849699, Oeiras), Transaction(0x0060, 217871.6177607245, Oeiras), Transaction(0x0032, 131479.49715423034, Oeiras), Transaction(0x004a, 225938.37655535204, Oeiras), Transaction(0x004a, 168632.33689212392, Oeiras), Transaction(0x00c6, 449775.5702779222, Oeiras), Transaction(0x0026, 86664.7820562633, Oeiras), Transaction(0x00a8, 495591.6810632837, Oeiras), Transaction(0x006b, 202521.46019514362, Oeiras), Transaction(0x0073, 375464.4898855595, Oeiras), Transaction(0x003c, 202648.69596240373, Oeiras), Transaction(0x0038, 124519.97822578628, Oeiras), Transaction(0x003d, 160816.80366113925, Oeiras), Transaction(0x0034, 97963.08471040445, Oeiras), Transaction(0x005f, 206383.14455658637, Oeiras), Transaction(0x0048, 93648.34923104344, Oeiras), Transaction(0x011f, 542554.5273118168, Oeiras), Transaction(0x001d, 45541.49966645581, Oeiras), Transaction(0x0033, 105727.62458095734, Oeiras), Transaction(0x0087, 366011.1047115831, Oeiras), Transaction(0x0072, 321786.26786161563, Oeiras), Transaction(0x0075, 275426.18028506724, Oeiras), Transaction(0x005a, 185483.03365702255, Oeiras), Transaction(0x003d, 156982.5156812941, Oeiras), Transaction(0x0075, 328842.41520556423, Oeiras), Transaction(0x004c, 102384.67649697307, Oeiras), Transaction(0x0084, 256771.65043579068, Oeiras), Transaction(0x00fa, 594424.1061793121, Oeiras), Transaction(0x004c, 255121.28757472927, Oeiras), Transaction(0x0045, 219333.15957096094, Oeiras), Transaction(0x0038, 144838.35499130798, Oeiras), Transaction(0x003b, 170066.38063253052, Oeiras), Transaction(0x0051, 237981.53019478716, Oeiras), Transaction(0x002f, 125643.79948855577, Oeiras), Transaction(0x0023, 93099.6999872, Oeiras), Transaction(0x0035, 107937.90564494647, Oeiras), Transaction(0x006b, 207807.27188862243, Oeiras), Transaction(0x005a, 220665.61420961353, Oeiras), Transaction(0x0025, 58191.467051250074, Oeiras), Transaction(0x0056, 128031.33180559965, Oeiras), Transaction(0x0052, 162639.93345901842, Oeiras), Transaction(0x0028, 65848.77713175605, Oeiras), Transaction(0x001e, 41866.97521985515, Oeiras), Transaction(0x0055, 156058.87868995438, Oeiras), Transaction(0x003d, 164463.07993130834, Oeiras), Transaction(0x001b, 52120.77454866744, Oeiras), Transaction(0x0057, 122902.07248018374, Oeiras), Transaction(0x004f, 269002.2138225559, Oeiras), Transaction(0x004b, 243420.41579892868, Oeiras), Transaction(0x0053, 236902.7394758581, Oeiras), Transaction(0x0022, 84101.25349856749, Oeiras), Transaction(0x002e, 71296.7259990172, Oeiras), Transaction(0x006b, 280601.4497705334, Oeiras), Transaction(0x001e, 60127.47943246212, Oeiras), Transaction(0x0023, 95214.00756343428, Oeiras), Transaction(0x0029, 65198.585993224544, Oeiras), Transaction(0x0052, 144311.70829848867, Oeiras), Transaction(0x007d, 366158.11468105094, Oeiras), Transaction(0x006b, 285889.2842961738, Oeiras), Transaction(0x0050, 247224.57150208202, Oeiras), Transaction(0x003e, 181159.99255912026, Oeiras), Transaction(0x006d, 345895.68549272144, Oeiras), Transaction(0x001c, 92252.19790408999, Oeiras), Transaction(0x005c, 119556.72510185959, Oeiras), Transaction(0x004a, 175496.98081633853, Oeiras), Transaction(0x0028, 83353.62060893263, Oeiras), Transaction(0x008e, 261042.11074830563, Oeiras), Transaction(0x0043, 126020.24375163471, Oeiras), Transaction(0x004a, 132867.82743110767, Oeiras), Transaction(0x0022, 60846.64365160828, Oeiras), Transaction(0x001e, 80139.11845742508, Oeiras), Transaction(0x0022, 37414.240865297405, Oeiras), Transaction(0x0089, 365975.17112123786, Oeiras), Transaction(0x0031, 83986.43120790091, Oeiras), Transaction(0x0038, 134515.91161526073, Oeiras), Transaction(0x004f, 264772.43529502215, Oeiras), Transaction(0x0015, 50175.71402418432, Oeiras), Transaction(0x0031, 139415.18876598886, Oeiras), Transaction(0x0085, 345377.59579314466, Oeiras), Transaction(0x0073, 247181.3482416545, Oeiras), Transaction(0x0054, 272832.19607553276, Oeiras), Transaction(0x0091, 270120.9765257169, Oeiras), Transaction(0x0077, 228405.92890709997, Oeiras), Transaction(0x0048, 152581.97965275185, Oeiras), Transaction(0x005b, 171714.31891273515, Oeiras), Transaction(0x0071, 334286.65634385217, Oeiras), Transaction(0x0051, 220122.0749758334, Oeiras), Transaction(0x006a, 227374.57003190136, Oeiras)]);Dict{Any, Any}(Oeiras => Transaction[Transaction(0x00c0, 2507.5658513731373, Oeiras), Transaction(0x008e, 1940.921476995818, Oeiras), Transaction(0x004f, 1169.5892111375579, Oeiras), Transaction(0x00cc, 2379.0667082535588, Oeiras), Transaction(0x0048, 1011.3962058781827, Oeiras), Transaction(0x0046, 1071.2286283757508, Oeiras), Transaction(0x0053, 1058.970323966483, Oeiras), Transaction(0x004b, 970.3956005095179, Oeiras), Transaction(0x0040, 897.1860145685572, Oeiras), Transaction(0x0058, 1033.7444368629713, Oeiras), Transaction(0x005b, 1006.3443395726836, Oeiras), Transaction(0x0029, 535.3826545787333, Oeiras), Transaction(0x0037, 763.2007056873825, Oeiras), Transaction(0x005d, 1093.9435134500848, Oeiras), Transaction(0x0043, 805.2037810318228, Oeiras), Transaction(0x0076, 1323.095725237636, Oeiras), Transaction(0x0025, 444.4859579894748, Oeiras), Transaction(0x0020, 427.77056030824576, Oeiras), Transaction(0x0032, 646.2215634699038, Oeiras), Transaction(0x0021, 480.00641850404753, Oeiras), Transaction(0x003c, 727.2688663192577, Oeiras), Transaction(0x0046, 811.2281749919, Oeiras), Transaction(0x0026, 431.02748279915033, Oeiras), Transaction(0x002e, 499.70708755777235, Oeiras), Transaction(0x0044, 379.1356991351595, Oeiras), Transaction(0x0049, 817.5007499485524, Oeiras), Transaction(0x003f, 652.569, Oeiras), Transaction(0x0045, 735.7065357751437, Oeiras), Transaction(0x003f, 692.9104227616341, Oeiras), Transaction(0x0031, 472.43473958333334, Oeiras), Transaction(0x0024, 295.64389021253794, Oeiras), Transaction(0x0033, 558.1292126250489, Oeiras), Transaction(0x0029, 433.74737520282144, Oeiras), Transaction(0x003a, 519.8030441715282, Oeiras), Transaction(0x005c, 838.2638277943565, Oeiras), Transaction(0x006a, 856.1144645695733, Oeiras)]);Dict{HouseLocation, Dict{SizeInterval, Int64}}(Oeiras => Dict(LessThan75 => 4, LessThan125 => 3, More => 6, LessThan50 => 3));Dict{HouseLocation, Dict{SizeInterval, Int64}}(Oeiras => Dict(LessThan75 => 39, LessThan125 => 20, More => 8, LessThan50 => 28));Dict{HouseLocation, Dict{SizeInterval, Int64}}(Oeiras => Dict(LessThan75 => 394, LessThan125 => 687, More => 714, LessThan50 => 346));House[House(0x003e, Oeiras, NotSocialNeighbourhood, 1.0, 22), House(0x0048, Oeiras, NotSocialNeighbourhood, 1.0, 4), House(0x0030, Oeiras, NotSocialNeighbourhood, 1.0, 2), House(0x002f, Oeiras, NotSocialNeighbourhood, 1.0, 1), House(0x0048, Oeiras, NotSocialNeighbourhood, 1.0, 12), House(0x008f, Oeiras, NotSocialNeighbourhood, 1.0, 91), House(0x0070, Oeiras, NotSocialNeighbourhood, 1.0, 1), House(0x0056, Oeiras, NotSocialNeighbourhood, 1.0, 9), House(0x008e, Oeiras, NotSocialNeighbourhood, 1.0, 3), House(0x004f, Oeiras, NotSocialNeighbourhood, 1.0, 12), House(0x0027, Oeiras, NotSocialNeighbourhood, 1.0, 13), House(0x0083, Oeiras, NotSocialNeighbourhood, 1.0, 100), House(0x003e, Oeiras, NotSocialNeighbourhood, 1.0, 7), House(0x003f, Oeiras, NotSocialNeighbourhood, 1.0, 19), House(0x006f, Oeiras, NotSocialNeighbourhood, 1.0, 1), House(0x0019, Oeiras, NotSocialNeighbourhood, 1.0, 50), House(0x001d, Oeiras, NotSocialNeighbourhood, 1.0, 16), House(0x002f, Oeiras, NotSocialNeighbourhood, 1.0, 15), House(0x007f, Oeiras, NotSocialNeighbourhood, 1.0, 55), House(0x0080, Oeiras, NotSocialNeighbourhood, 1.0, 80), House(0x0081, Oeiras, NotSocialNeighbourhood, 1.0, 46), House(0x0086, Oeiras, NotSocialNeighbourhood, 1.0, 44), House(0x0080, Oeiras, NotSocialNeighbourhood, 1.0, 91), House(0x0080, Oeiras, NotSocialNeighbourhood, 1.0, 85), House(0x005d, Oeiras, NotSocialNeighbourhood, 1.0, 12), House(0x006c, Oeiras, NotSocialNeighbourhood, 1.0, 59), House(0x0056, Oeiras, NotSocialNeighbourhood, 1.0, 88), House(0x0046, Oeiras, NotSocialNeighbourhood, 1.0, 23), House(0x0048, Oeiras, NotSocialNeighbourhood, 1.0, 8), House(0x0040, Oeiras, NotSocialNeighbourhood, 1.0, 87), House(0x0035, Oeiras, NotSocialNeighbourhood, 1.0, 47)];Mortgage[Mortgage(117905.03394096045, 113024.35973920203, 27, 0x01a4), Mortgage(38092.71092274857, 26518.581480605942, 27, 0x0054), Mortgage(152461.19107328207, 135811.7834292283, 27, 0x00cc), Mortgage(54977.59070304199, 53044.73417889211, 27, 0x01d4), Mortgage(173990.72747029632, 153524.45657494414, 27, 0x00c0), Mortgage(283952.1186168215, 242841.841624598, 26, 0x009c), Mortgage(188359.9929644046, 177072.9304295009, 27, 0x0144), Mortgage(107509.01325830369, 102656.92286958057, 27, 0x018c), Mortgage(194953.4704774793, 184865.86089557866, 27, 0x0168), Mortgage(145757.37766280893, 136060.6915729131, 27, 0x012c), Mortgage(339337.27598265215, 325867.6305216658, 27, 0x01b0), Mortgage(72781.7067550896, 66298.208505281, 27, 0x00f0), Mortgage(309490.7746434697, 297701.4985141946, 27, 0x01bc), Mortgage(175389.81004596577, 153080.68057177818, 27, 0x00b4), Mortgage(234639.6741279282, 219029.98561173255, 27, 0x012c), Mortgage(175738.6405762765, 168463.94652256696, 27, 0x01a4), Mortgage(25203.389342698953, 23329.993685631063, 27, 0x0114), Mortgage(139377.10059084915, 129584.51387670022, 27, 0x0120), Mortgage(56064.64789211558, 48933.36992093726, 27, 0x00b4), Mortgage(179809.2974366563, 172366.09870372654, 27, 0x01a4), Mortgage(347747.72085204197, 321899.2501903692, 27, 0x0114), Mortgage(11549.466163317455, 6502.580170397314, 27, 0x003c), Mortgage(91126.35049637122, 87922.6058646675, 27, 0x01d4), Mortgage(119549.80221353652, 110130.86401349651, 27, 0x0108), Mortgage(281462.62082762463, 256389.52910056326, 27, 0x00f0), Mortgage(98620.43452156163, 80556.64231938803, 27, 0x0084), Mortgage(159850.75905596305, 147256.64017914305, 27, 0x0108), Mortgage(136030.68354820966, 123912.87623059808, 27, 0x00f0), Mortgage(285250.15471043874, 259839.66406275367, 27, 0x00f0), Mortgage(86179.51858801994, 78502.52415018751, 27, 0x00f0), Mortgage(221963.42779030005, 211001.05796703784, 27, 0x0174), Mortgage(422581.6535126192, 387219.37859164586, 27, 0x00fc), Mortgage(22957.8818144314, 19155.266985668284, 27, 0x0090), Mortgage(37094.409822103364, 35081.23030915426, 27, 0x015c), Mortgage(125065.13805591114, 111407.49540669507, 27, 0x00cc), Mortgage(147251.3995103079, 140605.6581102509, 27, 0x018c), Mortgage(128630.03975249131, 120072.77056165725, 27, 0x012c), Mortgage(104426.69958524626, 97479.58691404761, 27, 0x012c), Mortgage(81130.16836319135, 76932.19506342245, 27, 0x0168), Mortgage(83146.66104334928, 76966.27825513395, 27, 0x0114), Mortgage(180121.95767398042, 155236.97666396326, 27, 0x00a8), Mortgage(191676.61887798013, 178209.48616047867, 27, 0x0120), Mortgage(38169.82864165606, 32412.82559237345, 27, 0x009c), Mortgage(111340.58059351558, 106086.52661813461, 27, 0x0180), Mortgage(140096.07570552774, 107870.9660368905, 27, 0x006c), Mortgage(54587.63472199754, 52229.21383239094, 27, 0x0198), Mortgage(36002.95222293919, 33731.46483584235, 27, 0x0138), Mortgage(72993.98263024737, 68833.97891332947, 27, 0x0150), Mortgage(140159.5766572221, 129116.86168626696, 27, 0x0108), Mortgage(42372.91941971721, 40690.969801663145, 27, 0x01b0), Mortgage(104507.08212648363, 99345.66749693979, 27, 0x0174), Mortgage(156323.63844847944, 149852.62763750297, 27, 0x01a4), Mortgage(42952.954414912936, 34180.503194282224, 27, 0x0078), Mortgage(206071.4599988015, 194887.5958138024, 27, 0x015c), Mortgage(56590.125801821225, 51854.57808037546, 27, 0x00fc), Mortgage(244784.7552480907, 218053.22346295297, 27, 0x00cc), Mortgage(49797.5376974909, 47447.64020720491, 27, 0x0180), Mortgage(63501.173646311756, 40685.957761238766, 27, 0x0048), Mortgage(48277.70782684926, 44689.172691902764, 27, 0x0114), Mortgage(125273.6254388264, 120501.64034907674, 27, 0x01bc), Mortgage(99255.24782441184, 88416.15447739803, 27, 0x00cc), Mortgage(247822.77022753985, 222610.83796096098, 27, 0x00d8), Mortgage(103967.81804055886, 97051.23301991646, 27, 0x012c), Mortgage(154378.40730929424, 141459.78759224052, 27, 0x00fc), Mortgage(304041.3546789694, 275137.26867234806, 27, 0x00e4), Mortgage(71864.92557636523, 67964.68840953095, 27, 0x015c), Mortgage(103675.74192341592, 98783.384248437, 27, 0x0180), Mortgage(148072.35891890683, 137668.84637247643, 27, 0x0120), Mortgage(72312.65090613406, 65870.93682038748, 27, 0x00f0), Mortgage(224386.25448606457, 214259.26740138564, 27, 0x018c), Mortgage(108588.15587974718, 102399.602853928, 27, 0x0150), Mortgage(101241.47285500262, 64866.61665824947, 27, 0x0048), Mortgage(51282.106222548384, 48967.64525620993, 27, 0x018c), Mortgage(41706.42832245949, 30766.95775608116, 27, 0x0060), Mortgage(24847.59730038448, 22768.312599881985, 27, 0x00fc), Mortgage(319390.6452767843, 295649.987239338, 27, 0x0114), Mortgage(68904.10239642287, 64556.82558024608, 27, 0x0138), Mortgage(116172.95840851829, 111153.78633203266, 27, 0x0198), Mortgage(44721.22789225585, 39460.73626650563, 27, 0x00c0), Mortgage(120947.1522640014, 111418.12142034798, 27, 0x0108), Mortgage(301829.1259567009, 268868.10734255327, 27, 0x00cc), Mortgage(214301.53705387498, 202671.01196776642, 27, 0x015c), Mortgage(226442.91092532466, 207493.82403646922, 27, 0x00fc), Mortgage(231807.38955040017, 216386.12219617874, 27, 0x012c), Mortgage(187809.42588748568, 167299.84132380824, 27, 0x00cc), Mortgage(132370.08654776157, 125186.12681789244, 27, 0x015c), Mortgage(36073.50555069346, 33673.67190181713, 27, 0x012c), Mortgage(144036.9380650514, 117654.44105754138, 27, 0x0084), Mortgage(190976.53083077533, 181094.702732982, 27, 0x0168), Mortgage(167357.89818675266, 123460.42542524535, 27, 0x0060)];House[House(0x0025, Oeiras, NotSocialNeighbourhood, 1.0, 1), House(0x0029, Oeiras, NotSocialNeighbourhood, 1.0, 1), House(0x0034, Oeiras, NotSocialNeighbourhood, 1.0, 29), House(0x0033, Oeiras, NotSocialNeighbourhood, 1.0, 78), House(0x0032, Oeiras, NotSocialNeighbourhood, 1.0, 9), House(0x0045, Oeiras, NotSocialNeighbourhood, 1.0, 13), House(0x003e, Oeiras, NotSocialNeighbourhood, 1.0, 22), House(0x0048, Oeiras, NotSocialNeighbourhood, 1.0, 4), House(0x0033, Oeiras, NotSocialNeighbourhood, 1.0, 11), House(0x0033, Oeiras, NotSocialNeighbourhood, 1.0, 18), House(0x001c, Oeiras, NotSocialNeighbourhood, 1.0, 7), House(0x0033, Oeiras, NotSocialNeighbourhood, 1.0, 22), House(0x0088, Oeiras, NotSocialNeighbourhood, 1.0, 93), House(0x002e, Oeiras, NotSocialNeighbourhood, 1.0, 8), House(0x0061, Oeiras, NotSocialNeighbourhood, 1.0, 6), House(0x0029, Oeiras, NotSocialNeighbourhood, 1.0, 2), House(0x0052, Oeiras, NotSocialNeighbourhood, 1.0, 4), House(0x0034, Oeiras, NotSocialNeighbourhood, 1.0, 20), House(0x0030, Oeiras, NotSocialNeighbourhood, 1.0, 2), House(0x0039, Oeiras, NotSocialNeighbourhood, 1.0, 9), House(0x002c, Oeiras, NotSocialNeighbourhood, 1.0, 27), House(0x0036, Oeiras, NotSocialNeighbourhood, 1.0, 28), House(0x002f, Oeiras, NotSocialNeighbourhood, 1.0, 6), House(0x002f, Oeiras, NotSocialNeighbourhood, 1.0, 4), House(0x0062, Oeiras, NotSocialNeighbourhood, 1.0, 1), House(0x004c, Oeiras, NotSocialNeighbourhood, 1.0, 7), House(0x002f, Oeiras, NotSocialNeighbourhood, 1.0, 1), House(0x0062, Oeiras, NotSocialNeighbourhood, 1.0, 2), House(0x0048, Oeiras, NotSocialNeighbourhood, 1.0, 12), House(0x0069, Oeiras, NotSocialNeighbourhood, 1.0, 3), House(0x003f, Oeiras, NotSocialNeighbourhood, 1.0, 2), House(0x002e, Oeiras, NotSocialNeighbourhood, 1.0, 6), House(0x004d, Oeiras, NotSocialNeighbourhood, 1.0, 10), House(0x0036, Oeiras, NotSocialNeighbourhood, 1.0, 1), House(0x008f, Oeiras, NotSocialNeighbourhood, 1.0, 91), House(0x0062, Oeiras, NotSocialNeighbourhood, 1.0, 2), House(0x004b, Oeiras, NotSocialNeighbourhood, 1.0, 9), House(0x003d, Oeiras, NotSocialNeighbourhood, 1.0, 71), House(0x0070, Oeiras, NotSocialNeighbourhood, 1.0, 1), House(0x0028, Oeiras, NotSocialNeighbourhood, 1.0, 7), House(0x001c, Oeiras, NotSocialNeighbourhood, 1.0, 1), House(0x0033, Oeiras, NotSocialNeighbourhood, 1.0, 78), House(0x0040, Oeiras, NotSocialNeighbourhood, 1.0, 2), House(0x0056, Oeiras, NotSocialNeighbourhood, 1.0, 9), House(0x008e, Oeiras, NotSocialNeighbourhood, 1.0, 3), House(0x0029, Oeiras, NotSocialNeighbourhood, 1.0, 2), House(0x0019, Oeiras, NotSocialNeighbourhood, 1.0, 12), House(0x0036, Oeiras, NotSocialNeighbourhood, 1.0, 13), House(0x001f, Oeiras, NotSocialNeighbourhood, 1.0, 15), House(0x003c, Oeiras, NotSocialNeighbourhood, 1.0, 18), House(0x0032, Oeiras, NotSocialNeighbourhood, 1.0, 2), House(0x00f0, Oeiras, NotSocialNeighbourhood, 1.0, 64), House(0x003f, Oeiras, NotSocialNeighbourhood, 1.0, 3), House(0x004b, Oeiras, NotSocialNeighbourhood, 1.0, 9), House(0x0118, Oeiras, NotSocialNeighbourhood, 1.0, 82), House(0x004f, Oeiras, NotSocialNeighbourhood, 1.0, 12), House(0x0057, Oeiras, NotSocialNeighbourhood, 1.0, 1), House(0x004d, Oeiras, NotSocialNeighbourhood, 1.0, 30), House(0x0042, Oeiras, NotSocialNeighbourhood, 1.0, 27), House(0x0015, Oeiras, NotSocialNeighbourhood, 1.0, 14), House(0x0017, Oeiras, NotSocialNeighbourhood, 1.0, 13), House(0x002a, Oeiras, NotSocialNeighbourhood, 1.0, 2), House(0x0094, Oeiras, NotSocialNeighbourhood, 1.0, 100), House(0x0054, Oeiras, NotSocialNeighbourhood, 1.0, 4), House(0x003a, Oeiras, NotSocialNeighbourhood, 1.0, 4), House(0x0022, Oeiras, NotSocialNeighbourhood, 1.0, 4), House(0x0033, Oeiras, NotSocialNeighbourhood, 1.0, 12), House(0x003b, Oeiras, NotSocialNeighbourhood, 1.0, 10), House(0x0129, Oeiras, NotSocialNeighbourhood, 1.0, 53), House(0x0033, Oeiras, NotSocialNeighbourhood, 1.0, 3), House(0x0037, Oeiras, NotSocialNeighbourhood, 1.0, 96), House(0x0047, Oeiras, NotSocialNeighbourhood, 1.0, 5), House(0x0033, Oeiras, NotSocialNeighbourhood, 1.0, 3), House(0x0027, Oeiras, NotSocialNeighbourhood, 1.0, 13), House(0x0055, Oeiras, NotSocialNeighbourhood, 1.0, 4), House(0x002b, Oeiras, NotSocialNeighbourhood, 1.0, 13), House(0x004d, Oeiras, NotSocialNeighbourhood, 1.0, 10), House(0x0083, Oeiras, NotSocialNeighbourhood, 1.0, 100), House(0x003e, Oeiras, NotSocialNeighbourhood, 1.0, 7), House(0x0031, Oeiras, NotSocialNeighbourhood, 1.0, 1), House(0x002e, Oeiras, NotSocialNeighbourhood, 1.0, 4), House(0x003f, Oeiras, NotSocialNeighbourhood, 1.0, 19), House(0x0049, Oeiras, NotSocialNeighbourhood, 1.0, 18), House(0x003e, Oeiras, NotSocialNeighbourhood, 1.0, 36), House(0x003e, Oeiras, NotSocialNeighbourhood, 1.0, 5), House(0x0029, Oeiras, NotSocialNeighbourhood, 1.0, 5), House(0x006f, Oeiras, NotSocialNeighbourhood, 1.0, 1), House(0x0024, Oeiras, NotSocialNeighbourhood, 1.0, 4), House(0x006f, Oeiras, NotSocialNeighbourhood, 1.0, 2), House(0x004a, Oeiras, NotSocialNeighbourhood, 1.0, 5), House(0x0035, Oeiras, NotSocialNeighbourhood, 1.0, 6), House(0x002e, Oeiras, NotSocialNeighbourhood, 1.0, 19), House(0x0040, Oeiras, NotSocialNeighbourhood, 1.0, 7), House(0x0032, Oeiras, NotSocialNeighbourhood, 1.0, 16), House(0x0022, Oeiras, NotSocialNeighbourhood, 1.0, 9), House(0x0019, Oeiras, NotSocialNeighbourhood, 1.0, 50), House(0x001d, Oeiras, NotSocialNeighbourhood, 1.0, 16), House(0x002f, Oeiras, NotSocialNeighbourhood, 1.0, 15), House(0x007f, Oeiras, NotSocialNeighbourhood, 1.0, 55), House(0x0080, Oeiras, NotSocialNeighbourhood, 1.0, 80), House(0x0081, Oeiras, NotSocialNeighbourhood, 1.0, 46), House(0x0086, Oeiras, NotSocialNeighbourhood, 1.0, 44), House(0x0080, Oeiras, NotSocialNeighbourhood, 1.0, 91), House(0x0080, Oeiras, NotSocialNeighbourhood, 1.0, 85), House(0x005d, Oeiras, NotSocialNeighbourhood, 1.0, 12), House(0x006c, Oeiras, NotSocialNeighbourhood, 1.0, 59), House(0x0056, Oeiras, NotSocialNeighbourhood, 1.0, 88), House(0x0046, Oeiras, NotSocialNeighbourhood, 1.0, 23), House(0x0048, Oeiras, NotSocialNeighbourhood, 1.0, 8), House(0x0040, Oeiras, NotSocialNeighbourhood, 1.0, 87), House(0x0035, Oeiras, NotSocialNeighbourhood, 1.0, 47)];Dict{HouseLocation, Float64}(Oeiras => 5.2059544111017715)
10;103;6.980583390547161e9;2.535457378259577e8;4.485301081671608e9;4.747052950075382e9;2277.490150904204;Dict{HouseLocation, Int64}(Oeiras => 184);Dict{HouseLocation, Int64}(Oeiras => 6165);Dict{HouseLocation, Int64}(Oeiras => 77);Dict{HouseLocation, Int64}(Oeiras => 5645);1674.1833491002383;0.2;0.15;1.0;1.0;174;11;80;135;73785;9.237323381172083e6;1.887903518596559e7;8.920366340860787e7;1.46026e8;0.0;1.89661628976885e6;2.410929099203055e8;1.5188924651169991e8;1.0698119938713902e8;Dict{Any, Any}(Oeiras => Transaction[Transaction(0x0042, 171322.7828804976, Oeiras), Transaction(0x0033, 73268.20136763495, Oeiras), Transaction(0x0062, 209968.0324387167, Oeiras), Transaction(0x0062, 125927.20149330959, Oeiras), Transaction(0x0066, 203565.63287731435, Oeiras), Transaction(0x003d, 126276.04275784381, Oeiras), Transaction(0x006c, 260561.376243788, Oeiras), Transaction(0x002e, 77721.98504980277, Oeiras), Transaction(0x0030, 134093.44953919254, Oeiras), Transaction(0x005f, 321490.29227379273, Oeiras), Transaction(0x003a, 122968.5698327341, Oeiras), Transaction(0x007f, 298294.39329215785, Oeiras), Transaction(0x0025, 99508.8083735776, Oeiras), Transaction(0x0049, 129223.58125519552, Oeiras), Transaction(0x0033, 140772.43658176382, Oeiras), Transaction(0x003e, 90522.9444130829, Oeiras), Transaction(0x004b, 103278.60939530891, Oeiras), Transaction(0x0054, 103481.42939255218, Oeiras), Transaction(0x001f, 45147.595672505304, Oeiras), Transaction(0x0094, 479532.8587396192, Oeiras), Transaction(0x0081, 274062.9865598232, Oeiras), Transaction(0x0080, 396022.71327617904, Oeiras), Transaction(0x004c, 248796.11606768038, Oeiras), Transaction(0x003b, 179725.45553294854, Oeiras), Transaction(0x006f, 182234.86639512455, Oeiras), Transaction(0x0028, 119314.72651954388, Oeiras), Transaction(0x0032, 99449.11186632892, Oeiras), Transaction(0x0039, 154212.16279163238, Oeiras), Transaction(0x0034, 151491.05326773584, Oeiras), Transaction(0x0037, 175757.3212729296, Oeiras), Transaction(0x0028, 45600.25171503832, Oeiras), Transaction(0x0059, 194976.34875886192, Oeiras), Transaction(0x0039, 88668.18132078793, Oeiras), Transaction(0x003f, 108487.65408833344, Oeiras), Transaction(0x0041, 106884.34704325184, Oeiras), Transaction(0x004a, 200627.2669903641, Oeiras), Transaction(0x005c, 188329.19399674892, Oeiras), Transaction(0x004d, 168159.30838834215, Oeiras), Transaction(0x0046, 119283.00608572588, Oeiras), Transaction(0x0033, 70618.67762330109, Oeiras), Transaction(0x004d, 107897.21224466676, Oeiras), Transaction(0x0035, 112920.5879556762, Oeiras), Transaction(0x004a, 204216.321071767, Oeiras), Transaction(0x0045, 180764.01164193798, Oeiras), Transaction(0x002f, 98978.53411552851, Oeiras), Transaction(0x0033, 155117.9156515229, Oeiras), Transaction(0x0033, 68652.44968390791, Oeiras), Transaction(0x0069, 345243.2348487421, Oeiras), Transaction(0x0031, 157459.3016128579, Oeiras), Transaction(0x0042, 216265.84511445407, Oeiras), Transaction(0x008f, 430630.04158392275, Oeiras), Transaction(0x0086, 281809.2437949068, Oeiras), Transaction(0x003d, 154074.2815314057, Oeiras), Transaction(0x0026, 111200.68846981769, Oeiras), Transaction(0x002b, 136270.5040074802, Oeiras), Transaction(0x0045, 144056.79645517832, Oeiras), Transaction(0x005d, 289192.8997445509, Oeiras), Transaction(0x0034, 73256.86661505915, Oeiras), Transaction(0x0041, 197372.83772341668, Oeiras), Transaction(0x003d, 173815.16846455654, Oeiras), Transaction(0x0046, 113004.04844263777, Oeiras), Transaction(0x0030, 83810.2353083901, Oeiras), Transaction(0x004c, 94431.66033613976, Oeiras), Transaction(0x003e, 123906.41308326149, Oeiras), Transaction(0x0026, 110745.9811886365, Oeiras), Transaction(0x003f, 107579.67689542774, Oeiras), Transaction(0x003c, 96172.40050771034, Oeiras), Transaction(0x0022, 98410.82101277253, Oeiras), Transaction(0x0052, 273995.0078130332, Oeiras), Transaction(0x0045, 184440.3340426023, Oeiras), Transaction(0x0042, 115761.68362759802, Oeiras), Transaction(0x0045, 91616.60305689523, Oeiras), Transaction(0x0088, 394335.6314422878, Oeiras), Transaction(0x002f, 79029.31686682005, Oeiras), Transaction(0x0046, 128795.7506546659, Oeiras), Transaction(0x002c, 79048.39225382956, Oeiras), Transaction(0x004b, 108782.68286702098, Oeiras), Transaction(0x00f0, 550921.334512954, Oeiras), Transaction(0x004d, 149046.14231483254, Oeiras), Transaction(0x0080, 361110.5235557267, Oeiras), Transaction(0x0035, 109315.62145282858, Oeiras), Transaction(0x0080, 375995.30865818507, Oeiras), Transaction(0x0030, 85680.96453099194, Oeiras), Transaction(0x002e, 76009.2384952181, Oeiras), Transaction(0x0030, 71303.69130395392, Oeiras), Transaction(0x0034, 123509.25888950231, Oeiras), Transaction(0x0018, 62491.03225182671, Oeiras), Transaction(0x0056, 256423.17782313403, Oeiras), Transaction(0x004f, 130343.42380301715, Oeiras), Transaction(0x0040, 186152.92518983912, Oeiras), Transaction(0x0019, 52499.7627153378, Oeiras), Transaction(0x0033, 79054.83573092807, Oeiras), Transaction(0x003f, 172074.68339969745, Oeiras), Transaction(0x003a, 111261.95000493537, Oeiras), Transaction(0x0062, 335304.79754385486, Oeiras)]);Dict{Any, Any}(Oeiras => Transaction[Transaction(0x008d, 2158.1728554338147, Oeiras), Transaction(0x008f, 1910.0014609424315, Oeiras), Transaction(0x0077, 1586.3069567225218, Oeiras), Transaction(0x0062, 1356.5409302975206, Oeiras), Transaction(0x006d, 1481.5969630544125, Oeiras), Transaction(0x0059, 1141.2524008234802, Oeiras), Transaction(0x006f, 1303.3588343816878, Oeiras), Transaction(0x0059, 1098.9455015870399, Oeiras), Transaction(0x0037, 786.1863374552249, Oeiras), Transaction(0x005b, 1103.6326545864201, Oeiras), Transaction(0x0030, 654.5341963903612, Oeiras), Transaction(0x0036, 708.267792616768, Oeiras), Transaction(0x004e, 946.9000663732014, Oeiras), Transaction(0x0045, 870.9865118562342, Oeiras), Transaction(0x0039, 770.0427439832363, Oeiras), Transaction(0x005d, 1108.7241906446434, Oeiras), Transaction(0x0028, 474.7130483672613, Oeiras), Transaction(0x008d, 1504.8172035253829, Oeiras), Transaction(0x0051, 927.2827596025554, Oeiras), Transaction(0x004a, 706.7764890076493, Oeiras), Transaction(0x0034, 688.1622167306281, Oeiras), Transaction(0x0026, 439.3861450385938, Oeiras), Transaction(0x0049, 638.9558672907757, Oeiras), Transaction(0x0022, 388.7445197246145, Oeiras), Transaction(0x0061, 1022.6901086758235, Oeiras), Transaction(0x0022, 381.6883371544935, Oeiras), Transaction(0x0050, 812.7465727946106, Oeiras), Transaction(0x0042, 723.0591328723443, Oeiras), Transaction(0x001e, 329.288875, Oeiras), Transaction(0x0033, 507.73842632643334, Oeiras), Transaction(0x0049, 618.5166899808606, Oeiras), Transaction(0x0030, 472.43473958333334, Oeiras), Transaction(0x0026, 355.37111406679446, Oeiras), Transaction(0x0023, 297.95867717847193, Oeiras), Transaction(0x004d, 770.7078626061145, Oeiras), Transaction(0x0041, 578.7544463669431, Oeiras), Transaction(0x0047, 610.6819399591325, Oeiras)]);Dict{HouseLocation, Dict{SizeInterval, Int64}}(Oeiras => Dict(LessThan75 => 7, LessThan125 => 3, More => 1, LessThan50 => 3));Dict{HouseLocation, Dict{SizeInterval, Int64}}(Oeiras => Dict(LessThan75 => 34, LessThan125 => 15, More => 6, LessThan50 => 34));Dict{HouseLocation, Dict{SizeInterval, Int64}}(Oeiras => Dict(LessThan75 => 421, LessThan125 => 708, More => 774, LessThan50 => 363));House[House(0x002f, Oeiras, NotSocialNeighbourhood, 1.0, 1), House(0x0056, Oeiras, NotSocialNeighbourhood, 1.0, 9), House(0x006f, Oeiras, NotSocialNeighbourhood, 1.0, 1), House(0x0070, Oeiras, NotSocialNeighbourhood, 1.0, 1), House(0x0027, Oeiras, NotSocialNeighbourhood, 1.0, 13), House(0x0083, Oeiras, NotSocialNeighbourhood, 1.0, 100), House(0x0030, Oeiras, NotSocialNeighbourhood, 1.0, 2), House(0x008e, Oeiras, NotSocialNeighbourhood, 1.0, 3), House(0x001d, Oeiras, NotSocialNeighbourhood, 1.0, 16), House(0x005d, Oeiras, NotSocialNeighbourhood, 1.0, 12), House(0x0048, Oeiras, NotSocialNeighbourhood, 1.0, 4), House(0x003e, Oeiras, NotSocialNeighbourhood, 1.0, 22), House(0x0048, Oeiras, NotSocialNeighbourhood, 1.0, 8), House(0x0048, Oeiras, NotSocialNeighbourhood, 1.0, 12), House(0x008c, Oeiras, NotSocialNeighbourhood, 1.0, 100), House(0x0072, Oeiras, NotSocialNeighbourhood, 1.0, 35), House(0x0058, Oeiras, NotSocialNeighbourhood, 1.0, 12), House(0x0078, Oeiras, NotSocialNeighbourhood, 1.0, 71), House(0x0032, Oeiras, NotSocialNeighbourhood, 1.0, 60), House(0x003c, Oeiras, NotSocialNeighbourhood, 1.0, 48), House(0x0046, Oeiras, NotSocialNeighbourhood, 1.0, 64), House(0x004a, Oeiras, NotSocialNeighbourhood, 1.0, 78), House(0x0045, Oeiras, NotSocialNeighbourhood, 1.0, 77), House(0x0040, Oeiras, NotSocialNeighbourhood, 1.0, 20), House(0x0032, Oeiras, NotSocialNeighbourhood, 1.0, 13), House(0x0031, Oeiras, NotSocialNeighbourhood, 1.0, 99), House(0x001a, Oeiras, NotSocialNeighbourhood, 1.0, 62), House(0x0020, Oeiras, NotSocialNeighbourhood, 1.0, 98)];Mortgage[Mortgage(64026.309026371855, 61898.83728012843, 26, 0x01d4), Mortgage(182552.57650916916, 175394.95452807553, 26, 0x01a4), Mortgage(172146.50465140422, 149390.7219490452, 26, 0x00a8), Mortgage(99286.34433321665, 84952.11856442496, 26, 0x009c), Mortgage(226976.7814715357, 219434.77730204552, 26, 0x01d4), Mortgage(64665.01547320594, 62235.07890447834, 26, 0x01b0), Mortgage(116806.16510938946, 112226.36464367414, 26, 0x01a4), Mortgage(277865.727029169, 258184.0311966127, 26, 0x0114), Mortgage(97794.54142123226, 88918.80472047345, 26, 0x00e4), Mortgage(259411.05791384005, 238705.7153472288, 26, 0x00fc), Mortgage(86849.0420319889, 83132.48486999157, 26, 0x018c), Mortgage(111987.12973097363, 107401.92483964279, 26, 0x0198), Mortgage(122136.85357803745, 109391.85770950031, 26, 0x00cc), Mortgage(58603.67906174238, 54452.68210974737, 26, 0x0114), Mortgage(84474.66745574874, 77293.77340181232, 26, 0x00f0), Mortgage(90128.28621049374, 85903.29354282915, 26, 0x0174), Mortgage(30443.814230720465, 28708.781003909655, 26, 0x0144), Mortgage(240015.4615143291, 226336.6630063724, 26, 0x0144), Mortgage(239839.81906849708, 220696.58880351487, 26, 0x00fc), Mortgage(157325.83162225818, 143952.11660386322, 26, 0x00f0), Mortgage(213772.3118783122, 205390.6093150917, 26, 0x01a4), Mortgage(33964.03767673846, 26473.42499418729, 26, 0x006c), Mortgage(87309.28517903526, 79385.18005498037, 26, 0x00e4), Mortgage(86389.98796608805, 83143.68562788298, 26, 0x01b0), Mortgage(133218.97129662096, 127255.14510041477, 26, 0x0180), Mortgage(129137.5928957383, 123611.3690649334, 26, 0x018c), Mortgage(149509.50323712482, 138279.40306496387, 26, 0x0108), Mortgage(32991.61732425634, 30358.33428683024, 26, 0x00fc), Mortgage(88385.01520283308, 82124.55622512184, 26, 0x0114), Mortgage(58040.30876135884, 49660.87959551576, 26, 0x009c), Mortgage(91214.25424763892, 78596.10786569168, 25, 0x009c), Mortgage(91559.30154712017, 87267.22639560093, 26, 0x0174), Mortgage(172613.57232430155, 161681.34308294478, 26, 0x012c), Mortgage(145696.3549624438, 131539.29625269453, 26, 0x00d8), Mortgage(102845.83110225918, 94637.01309101084, 26, 0x00fc), Mortgage(48552.49693176113, 41542.847645826114, 26, 0x009c), Mortgage(95975.6853932566, 92655.47373675433, 26, 0x01c8), Mortgage(36567.65377678102, 29409.887997596168, 26, 0x0078), Mortgage(156798.98863768613, 131928.421450407, 26, 0x0090), Mortgage(86292.11243154191, 80826.9271502236, 26, 0x012c), Mortgage(41160.39236061748, 35719.46315674701, 26, 0x00a8), Mortgage(46590.96455000286, 43473.09630924869, 26, 0x0120), Mortgage(62042.27712644456, 58843.04934075775, 26, 0x015c), Mortgage(124630.08327639248, 117878.11268660762, 26, 0x0150), Mortgage(188094.93777020212, 176182.21879246566, 26, 0x012c), Mortgage(351707.9594719699, 325290.1363189344, 26, 0x0108), Mortgage(244379.08455109276, 218878.09666973611, 26, 0x00cc), Mortgage(133878.73138604086, 128847.93037580074, 26, 0x01b0), Mortgage(94354.13368472237, 90316.40887964219, 26, 0x018c), Mortgage(94468.52712855981, 77891.66208750542, 26, 0x0084), Mortgage(124747.7343081509, 119409.36701545089, 26, 0x018c), Mortgage(96654.01713506394, 87262.31618642369, 26, 0x00d8), Mortgage(61929.627440572054, 58400.17608736479, 26, 0x0144), Mortgage(167725.59841745498, 152502.98754474486, 26, 0x00e4), Mortgage(150227.45677310042, 139586.59385877533, 26, 0x0114), Mortgage(98166.02285978435, 94146.70984354329, 26, 0x0198), Mortgage(72167.4312067468, 68621.23948531387, 26, 0x0168), Mortgage(73396.74176800434, 70391.58304868665, 26, 0x0198), Mortgage(103809.1775934151, 92976.67699441308, 26, 0x00cc), Mortgage(95100.57536589315, 91810.63752824056, 26, 0x01c8), Mortgage(82674.35213432365, 78195.3790046779, 26, 0x0150), Mortgage(82789.58164147513, 77546.22404732143, 26, 0x012c), Mortgage(84893.68467850557, 75727.0888450216, 21, 0x00a8), Mortgage(238575.45690958458, 221676.7568568261, 26, 0x0114), Mortgage(160219.65009713318, 148871.02335814948, 26, 0x0114), Mortgage(100603.23748831108, 93870.8669072037, 26, 0x0120), Mortgage(79254.07472510249, 75359.65671713949, 26, 0x0168), Mortgage(252814.26443128003, 242901.7834856252, 26, 0x01a4), Mortgage(59947.43712255178, 56856.23036151827, 26, 0x015c), Mortgage(112054.7102042996, 105668.56410737163, 26, 0x0144), Mortgage(53166.6620998977, 49400.778185136835, 26, 0x0114), Mortgage(93202.3390658577, 86201.6362253884, 26, 0x0108), Mortgage(377140.3122975236, 357692.9641006508, 26, 0x015c), Mortgage(124930.44830301258, 114310.55075982715, 26, 0x00f0), Mortgage(317742.50297297706, 297618.7442473487, 26, 0x012c), Mortgage(94570.3455552641, 91016.64748065127, 26, 0x01b0), Mortgage(332166.9110933265, 308638.9712510289, 26, 0x0114), Mortgage(73165.06937026589, 70415.72374163973, 26, 0x01b0), Mortgage(59642.02350663397, 56566.56548615972, 26, 0x015c), Mortgage(61482.1809494908, 58461.04527300929, 26, 0x0168), Mortgage(43322.189657874376, 41291.35182274441, 26, 0x0174), Mortgage(110796.20395572294, 106259.76037029405, 26, 0x0198), Mortgage(152859.55083212978, 143682.68047021414, 26, 0x0138), Mortgage(41304.383129478556, 39931.917506514335, 26, 0x01d4), Mortgage(65563.39681038063, 63295.27698984736, 26, 0x01c8), Mortgage(141009.92875846292, 129754.9772397534, 26, 0x00fc), Mortgage(94964.65690899189, 91396.1416790613, 26, 0x01b0), Mortgage(228495.5152905754, 202801.27838071418, 26, 0x00c0)];House[House(0x0032, Oeiras, NotSocialNeighbourhood, 1.0, 2), House(0x0032, Oeiras, NotSocialNeighbourhood, 1.0, 16), House(0x002b, Oeiras, NotSocialNeighbourhood, 1.0, 13), House(0x0055, Oeiras, NotSocialNeighbourhood, 1.0, 4), House(0x002f, Oeiras, NotSocialNeighbourhood, 1.0, 4), House(0x002f, Oeiras, NotSocialNeighbourhood, 1.0, 1), House(0x001c, Oeiras, NotSocialNeighbourhood, 1.0, 1), House(0x0033, Oeiras, NotSocialNeighbourhood, 1.0, 3), House(0x001d, Oeiras, NotSocialNeighbourhood, 1.0, 3), House(0x00ba, Oeiras, NotSocialNeighbourhood, 1.0, 93), House(0x0056, Oeiras, NotSocialNeighbourhood, 1.0, 9), House(0x0062, Oeiras, NotSocialNeighbourhood, 1.0, 1), House(0x0036, Oeiras, NotSocialNeighbourhood, 1.0, 13), House(0x0024, Oeiras, NotSocialNeighbourhood, 1.0, 4), House(0x0029, Oeiras, NotSocialNeighbourhood, 1.0, 5), House(0x0043, Oeiras, NotSocialNeighbourhood, 1.0, 11), House(0x0034, Oeiras, NotSocialNeighbourhood, 1.0, 29), House(0x0052, Oeiras, NotSocialNeighbourhood, 1.0, 4), House(0x0033, Oeiras, NotSocialNeighbourhood, 1.0, 22), House(0x0036, Oeiras, NotSocialNeighbourhood, 1.0, 1), House(0x0062, Oeiras, NotSocialNeighbourhood, 1.0, 2), House(0x0019, Oeiras, NotSocialNeighbourhood, 1.0, 12), House(0x003c, Oeiras, NotSocialNeighbourhood, 1.0, 8), House(0x0043, Oeiras, NotSocialNeighbourhood, 1.0, 9), House(0x002f, Oeiras, NotSocialNeighbourhood, 1.0, 39), House(0x0040, Oeiras, NotSocialNeighbourhood, 1.0, 2), House(0x002e, Oeiras, NotSocialNeighbourhood, 1.0, 6), House(0x0033, Oeiras, NotSocialNeighbourhood, 1.0, 3), House(0x003b, Oeiras, NotSocialNeighbourhood, 1.0, 10), House(0x0061, Oeiras, NotSocialNeighbourhood, 1.0, 11), House(0x0030, Oeiras, NotSocialNeighbourhood, 1.0, 11), House(0x003f, Oeiras, NotSocialNeighbourhood, 1.0, 2), House(0x0061, Oeiras, NotSocialNeighbourhood, 1.0, 6), House(0x003c, Oeiras, NotSocialNeighbourhood, 1.0, 18), House(0x006f, Oeiras, NotSocialNeighbourhood, 1.0, 1), House(0x0070, Oeiras, NotSocialNeighbourhood, 1.0, 1), House(0x0027, Oeiras, NotSocialNeighbourhood, 1.0, 13), House(0x0035, Oeiras, NotSocialNeighbourhood, 1.0, 6), House(0x002c, Oeiras, NotSocialNeighbourhood, 1.0, 4), House(0x0118, Oeiras, NotSocialNeighbourhood, 1.0, 82), House(0x004d, Oeiras, NotSocialNeighbourhood, 1.0, 10), House(0x0129, Oeiras, NotSocialNeighbourhood, 1.0, 53), House(0x0083, Oeiras, NotSocialNeighbourhood, 1.0, 100), House(0x003a, Oeiras, NotSocialNeighbourhood, 1.0, 83), House(0x004a, Oeiras, NotSocialNeighbourhood, 1.0, 5), House(0x002f, Oeiras, NotSocialNeighbourhood, 1.0, 29), House(0x001c, Oeiras, NotSocialNeighbourhood, 1.0, 7), House(0x0030, Oeiras, NotSocialNeighbourhood, 1.0, 2), House(0x0022, Oeiras, NotSocialNeighbourhood, 1.0, 9), House(0x008e, Oeiras, NotSocialNeighbourhood, 1.0, 3), House(0x002e, Oeiras, NotSocialNeighbourhood, 1.0, 4), House(0x001d, Oeiras, NotSocialNeighbourhood, 1.0, 16), House(0x005d, Oeiras, NotSocialNeighbourhood, 1.0, 12), House(0x002a, Oeiras, NotSocialNeighbourhood, 1.0, 2), House(0x002e, Oeiras, NotSocialNeighbourhood, 1.0, 8), House(0x0032, Oeiras, NotSocialNeighbourhood, 1.0, 9), House(0x0048, Oeiras, NotSocialNeighbourhood, 1.0, 4), House(0x0039, Oeiras, NotSocialNeighbourhood, 1.0, 9), House(0x0057, Oeiras, NotSocialNeighbourhood, 1.0, 1), House(0x0017, Oeiras, NotSocialNeighbourhood, 1.0, 13), House(0x006f, Oeiras, NotSocialNeighbourhood, 1.0, 2), House(0x0053, Oeiras, NotSocialNeighbourhood, 1.0, 5), House(0x003e, Oeiras, NotSocialNeighbourhood, 1.0, 5), House(0x0035, Oeiras, NotSocialNeighbourhood, 1.0, 16), House(0x0036, Oeiras, NotSocialNeighbourhood, 1.0, 10), House(0x0023, Oeiras, NotSocialNeighbourhood, 1.0, 21), House(0x003e, Oeiras, NotSocialNeighbourhood, 1.0, 22), House(0x0029, Oeiras, NotSocialNeighbourhood, 1.0, 2), House(0x0036, Oeiras, NotSocialNeighbourhood, 1.0, 28), House(0x002f, Oeiras, NotSocialNeighbourhood, 1.0, 6), House(0x0015, Oeiras, NotSocialNeighbourhood, 1.0, 14), House(0x0069, Oeiras, NotSocialNeighbourhood, 1.0, 3), House(0x003a, Oeiras, NotSocialNeighbourhood, 1.0, 4), House(0x0048, Oeiras, NotSocialNeighbourhood, 1.0, 8), House(0x0032, Oeiras, NotSocialNeighbourhood, 1.0, 52), House(0x0037, Oeiras, NotSocialNeighbourhood, 1.0, 8), House(0x0029, Oeiras, NotSocialNeighbourhood, 1.0, 1), House(0x0025, Oeiras, NotSocialNeighbourhood, 1.0, 1), House(0x0022, Oeiras, NotSocialNeighbourhood, 1.0, 4), House(0x003f, Oeiras, NotSocialNeighbourhood, 1.0, 3), House(0x0031, Oeiras, NotSocialNeighbourhood, 1.0, 1), House(0x0047, Oeiras, NotSocialNeighbourhood, 1.0, 5), House(0x0040, Oeiras, NotSocialNeighbourhood, 1.0, 7), House(0x002d, Oeiras, NotSocialNeighbourhood, 1.0, 32), House(0x0029, Oeiras, NotSocialNeighbourhood, 1.0, 2), House(0x0048, Oeiras, NotSocialNeighbourhood, 1.0, 12), House(0x002e, Oeiras, NotSocialNeighbourhood, 1.0, 14), House(0x00c6, Oeiras, NotSocialNeighbourhood, 1.0, 82), House(0x002e, Oeiras, NotSocialNeighbourhood, 1.0, 10), House(0x008c, Oeiras, NotSocialNeighbourhood, 1.0, 100), House(0x0072, Oeiras, NotSocialNeighbourhood, 1.0, 35), House(0x0058, Oeiras, NotSocialNeighbourhood, 1.0, 12), House(0x0078, Oeiras, NotSocialNeighbourhood, 1.0, 71), House(0x0032, Oeiras, NotSocialNeighbourhood, 1.0, 60), House(0x003c, Oeiras, NotSocialNeighbourhood, 1.0, 48), House(0x0046, Oeiras, NotSocialNeighbourhood, 1.0, 64), House(0x004a, Oeiras, NotSocialNeighbourhood, 1.0, 78), House(0x0045, Oeiras, NotSocialNeighbourhood, 1.0, 77), House(0x0040, Oeiras, NotSocialNeighbourhood, 1.0, 20), House(0x0032, Oeiras, NotSocialNeighbourhood, 1.0, 13), House(0x0031, Oeiras, NotSocialNeighbourhood, 1.0, 99), House(0x001a, Oeiras, NotSocialNeighbourhood, 1.0, 62), House(0x0020, Oeiras, NotSocialNeighbourhood, 1.0, 98)];Dict{HouseLocation, Float64}(Oeiras => 5.219500542116105)
11;89;6.948001506850233e9;2.4408645574476245e8;4.4977399464516735e9;4.737240243948263e9;2278.933439544857;Dict{HouseLocation, Int64}(Oeiras => 171);Dict{HouseLocation, Int64}(Oeiras => 6212);Dict{HouseLocation, Int64}(Oeiras => 65);Dict{HouseLocation, Int64}(Oeiras => 5700);1612.028288504325;0.2;0.15;1.0;1.0;196;10;91;126;73844;9.24459915777687e6;1.9012033988129757e7;8.927984701898351e7;1.46026e8;0.0;1.8701096537326681e6;2.4132199448645532e8;1.5204214746747166e8;1.0773485926607023e8;Dict{Any, Any}(Oeiras => Transaction[Transaction(0x003e, 107530.69177354334, Oeiras), Transaction(0x0036, 94579.20464858033, Oeiras), Transaction(0x002f, 140590.75526924903, Oeiras), Transaction(0x002e, 62120.54253786193, Oeiras), Transaction(0x006a, 304565.0911137478, Oeiras), Transaction(0x0052, 147399.20620306194, Oeiras), Transaction(0x0040, 80649.34253903202, Oeiras), Transaction(0x0035, 120926.44224042915, Oeiras), Transaction(0x0034, 88989.18199676937, Oeiras), Transaction(0x0056, 133254.16398825543, Oeiras), Transaction(0x002f, 97297.05308426668, Oeiras), Transaction(0x002d, 91566.01845097858, Oeiras), Transaction(0x0050, 257013.2196339334, Oeiras), Transaction(0x0030, 82076.70389977573, Oeiras), Transaction(0x002f, 81242.31550221654, Oeiras), Transaction(0x0045, 187594.58578417162, Oeiras), Transaction(0x0048, 108057.7437110378, Oeiras), Transaction(0x001a, 63346.45557377211, Oeiras), Transaction(0x0057, 213487.99823679845, Oeiras), Transaction(0x0037, 186593.52663872845, Oeiras), Transaction(0x0055, 207332.35159080054, Oeiras), Transaction(0x0016, 78987.45081861108, Oeiras), Transaction(0x003b, 79698.64310687617, Oeiras), Transaction(0x001f, 69229.17492325147, Oeiras), Transaction(0x0036, 130264.09995142289, Oeiras), Transaction(0x0042, 166809.90940536465, Oeiras), Transaction(0x0055, 206747.18481414486, Oeiras), Transaction(0x0027, 98685.41529107434, Oeiras), Transaction(0x005c, 280349.1596284827, Oeiras), Transaction(0x005d, 279454.09021043236, Oeiras), Transaction(0x0046, 118249.47025075358, Oeiras), Transaction(0x0048, 115121.82063915885, Oeiras), Transaction(0x0032, 120247.48432723396, Oeiras), Transaction(0x0031, 170830.6782412657, Oeiras), Transaction(0x0031, 156878.71008727766, Oeiras), Transaction(0x0022, 64770.04617112277, Oeiras), Transaction(0x0062, 329664.4009499616, Oeiras), Transaction(0x002b, 78131.34263290149, Oeiras), Transaction(0x0039, 166068.58551380012, Oeiras), Transaction(0x0020, 70853.84438380558, Oeiras), Transaction(0x0043, 98561.13494681829, Oeiras), Transaction(0x0048, 115956.0988569973, Oeiras), Transaction(0x0041, 191035.78953934443, Oeiras), Transaction(0x0038, 147812.72161119222, Oeiras), Transaction(0x0056, 174447.19407004863, Oeiras), Transaction(0x0094, 273544.44352350215, Oeiras), Transaction(0x003a, 132409.3178689067, Oeiras), Transaction(0x0054, 221429.09713023694, Oeiras), Transaction(0x0065, 257068.45793936122, Oeiras), Transaction(0x0078, 186261.79236589125, Oeiras), Transaction(0x003a, 194129.5544854078, Oeiras), Transaction(0x008e, 216554.66997195696, Oeiras), Transaction(0x003a, 176668.07388138844, Oeiras), Transaction(0x003f, 151492.1558094513, Oeiras), Transaction(0x0020, 103408.88300824969, Oeiras), Transaction(0x003d, 185942.63835611386, Oeiras), Transaction(0x005c, 290931.89715601876, Oeiras), Transaction(0x0034, 97303.50885560078, Oeiras), Transaction(0x002f, 81204.29922997685, Oeiras), Transaction(0x0083, 403278.92482433125, Oeiras), Transaction(0x0058, 148078.4259988212, Oeiras), Transaction(0x003c, 125619.57376704965, Oeiras), Transaction(0x002d, 83136.82345898895, Oeiras), Transaction(0x0038, 159929.38147216468, Oeiras), Transaction(0x0059, 141668.3926724796, Oeiras), Transaction(0x0034, 105708.65659647644, Oeiras), Transaction(0x003a, 136164.7919946657, Oeiras), Transaction(0x0030, 156592.28247257535, Oeiras), Transaction(0x0078, 325329.28772716614, Oeiras), Transaction(0x0032, 67537.36179109155, Oeiras), Transaction(0x002b, 62079.55179444801, Oeiras), Transaction(0x0043, 97010.79554866639, Oeiras), Transaction(0x003c, 91964.91690426976, Oeiras), Transaction(0x0072, 229112.08192318853, Oeiras), Transaction(0x0046, 175098.499335122, Oeiras), Transaction(0x0045, 192284.64269720193, Oeiras), Transaction(0x0052, 260280.07918423382, Oeiras), Transaction(0x002a, 62670.52502997779, Oeiras), Transaction(0x004a, 137301.53923726984, Oeiras), Transaction(0x004f, 270307.5104987, Oeiras), Transaction(0x005a, 174205.83562021086, Oeiras), Transaction(0x004a, 202678.09460627873, Oeiras), Transaction(0x0040, 111681.3766339319, Oeiras), Transaction(0x0033, 81581.37915384362, Oeiras), Transaction(0x002d, 90972.41850062991, Oeiras), Transaction(0x0095, 298548.58986441616, Oeiras), Transaction(0x001f, 93785.48446485534, Oeiras), Transaction(0x0052, 211334.39108573948, Oeiras), Transaction(0x006d, 295848.19164034637, Oeiras), Transaction(0x0041, 97022.28292318521, Oeiras), Transaction(0x0030, 146578.19601608565, Oeiras)]);Dict{Any, Any}(Oeiras => Transaction[Transaction(0x007a, 1433.1675591297615, Oeiras), Transaction(0x0081, 1551.521143210695, Oeiras), Transaction(0x0054, 1092.122311964249, Oeiras), Transaction(0x0066, 1273.9332743638338, Oeiras), Transaction(0x0056, 1082.0656454585812, Oeiras), Transaction(0x0022, 447.79939430805024, Oeiras), Transaction(0x002b, 637.5122997122334, Oeiras), Transaction(0x0029, 535.9036469412893, Oeiras), Transaction(0x0057, 1081.0158896207934, Oeiras), Transaction(0x0041, 853.0388799322437, Oeiras), Transaction(0x0053, 994.5143659242259, Oeiras), Transaction(0x0034, 617.4359189122247, Oeiras), Transaction(0x005f, 1083.7211511034964, Oeiras), Transaction(0x006a, 1156.4596487226065, Oeiras), Transaction(0x0025, 434.1146394557594, Oeiras), Transaction(0x0051, 902.3848352101427, Oeiras), Transaction(0x0035, 490.3129104033327, Oeiras), Transaction(0x003c, 623.8030590263592, Oeiras), Transaction(0x0016, 285.6048548291529, Oeiras), Transaction(0x0046, 751.7628156457239, Oeiras), Transaction(0x0023, 387.97693646665533, Oeiras), Transaction(0x008c, 1431.764417797382, Oeiras), Transaction(0x0051, 878.5787403116199, Oeiras), Transaction(0x0025, 372.9370087504267, Oeiras), Transaction(0x0049, 741.6974255938597, Oeiras), Transaction(0x0056, 857.6585102179317, Oeiras), Transaction(0x0052, 380.6081358100353, Oeiras), Transaction(0x002b, 305.026206853369, Oeiras), Transaction(0x0044, 630.8078846788056, Oeiras), Transaction(0x002a, 368.7629375, Oeiras)]);Dict{HouseLocation, Dict{SizeInterval, Int64}}(Oeiras => Dict(LessThan75 => 2, LessThan125 => 2, More => 2, LessThan50 => 3));Dict{HouseLocation, Dict{SizeInterval, Int64}}(Oeiras => Dict(LessThan75 => 25, LessThan125 => 17, More => 8, LessThan50 => 30));Dict{HouseLocation, Dict{SizeInterval, Int64}}(Oeiras => Dict(LessThan75 => 447, LessThan125 => 734, More => 792, LessThan50 => 339));House[House(0x0030, Oeiras, NotSocialNeighbourhood, 1.0, 2), House(0x0070, Oeiras, NotSocialNeighbourhood, 1.0, 1), House(0x002f, Oeiras, NotSocialNeighbourhood, 1.0, 1), House(0x008c, Oeiras, NotSocialNeighbourhood, 1.0, 100), House(0x001d, Oeiras, NotSocialNeighbourhood, 1.0, 16), House(0x0032, Oeiras, NotSocialNeighbourhood, 1.0, 13), House(0x0027, Oeiras, NotSocialNeighbourhood, 1.0, 13), House(0x006f, Oeiras, NotSocialNeighbourhood, 1.0, 1), House(0x005d, Oeiras, NotSocialNeighbourhood, 1.0, 12), House(0x003d, Oeiras, NotSocialNeighbourhood, 1.0, 29), House(0x0048, Oeiras, NotSocialNeighbourhood, 1.0, 50), House(0x002b, Oeiras, NotSocialNeighbourhood, 1.0, 38), House(0x0022, Oeiras, NotSocialNeighbourhood, 1.0, 18), House(0x0022, Oeiras, NotSocialNeighbourhood, 1.0, 81), House(0x0074, Oeiras, NotSocialNeighbourhood, 1.0, 71), House(0x004c, Oeiras, NotSocialNeighbourhood, 1.0, 31), House(0x009a, Oeiras, NotSocialNeighbourhood, 1.0, 93), House(0x0085, Oeiras, NotSocialNeighbourhood, 1.0, 32)];Mortgage[Mortgage(92452.72415219339, 89310.03423313404, 25, 0x01bc), Mortgage(75542.10906042879, 72190.41141603983, 25, 0x0174), Mortgage(115298.66984630318, 109665.10512022302, 25, 0x015c), Mortgage(266825.8477830191, 253788.57089092094, 25, 0x015c), Mortgage(125370.32694309964, 110813.94062177357, 25, 0x00b4), Mortgage(70076.99882920165, 67482.49491776826, 25, 0x01a4), Mortgage(102113.11267346208, 97982.00026240804, 25, 0x018c), Mortgage(76750.9138044797, 73000.81641584793, 25, 0x015c), Mortgage(111479.91109724109, 107690.44144130967, 25, 0x01bc), Mortgage(84298.06895045405, 80557.88162126843, 25, 0x0174), Mortgage(76882.56286720467, 72501.81952252907, 25, 0x0138), Mortgage(205320.7034228172, 174194.28798360212, 25, 0x0090), Mortgage(61977.019051325085, 59352.49113603084, 25, 0x0180), Mortgage(53281.814703192715, 49234.818502834474, 25, 0x00fc), Mortgage(163131.28474631484, 152758.96729947237, 25, 0x0120), Mortgage(93353.18547054853, 88558.28314685426, 25, 0x0150), Mortgage(185099.4700387756, 176055.3947982144, 25, 0x015c), Mortgage(159957.74006151024, 154035.52607992783, 25, 0x01a4), Mortgage(180242.9406626973, 165655.1079278947, 25, 0x00f0), Mortgage(42817.110044771325, 25591.121473340834, 25, 0x003c), Mortgage(68218.57625430977, 65692.87786708843, 25, 0x01a4), Mortgage(55541.51862573557, 50398.04940189308, 25, 0x00d8), Mortgage(112053.82458508872, 104929.14680463253, 25, 0x0120), Mortgage(69254.56951485644, 60512.934081529325, 25, 0x00a8), Mortgage(86630.59014344393, 82599.24698459408, 25, 0x0168), Mortgage(242365.52209495284, 234126.93648268344, 25, 0x01bc), Mortgage(238103.25794737934, 228470.4958244159, 25, 0x018c), Mortgage(90052.47030092246, 76400.60492550611, 25, 0x0090), Mortgage(80199.10760993752, 73265.52209545455, 25, 0x00e4), Mortgage(95376.74318858229, 90220.50488742425, 25, 0x0144), Mortgage(146592.1399961382, 142003.76141746677, 25, 0x01d4), Mortgage(133076.81998617182, 128357.64329644552, 25, 0x01b0), Mortgage(46879.10447654888, 45143.4705030486, 25, 0x01a4), Mortgage(288657.88920146105, 268035.69308420474, 25, 0x0108), Mortgage(56690.2957064046, 53280.76955228769, 25, 0x012c), Mortgage(142407.9757072187, 131591.44215260446, 25, 0x00fc), Mortgage(15389.433745548362, 4773.305679535165, 25, 0x0024), Mortgage(85414.93527802707, 80797.25023188663, 25, 0x0144), Mortgage(100186.35216481664, 96477.09111045272, 25, 0x01a4), Mortgage(166376.7177194612, 155173.8051039153, 25, 0x0114), Mortgage(128425.661000957, 124060.16464725467, 25, 0x01bc), Mortgage(150645.17660110514, 144550.6394507947, 25, 0x018c), Mortgage(239169.83524741497, 226239.88373349074, 25, 0x0144), Mortgage(114577.90982014532, 110145.4304763603, 25, 0x0198), Mortgage(190762.506355763, 170298.6025058652, 25, 0x00c0), Mortgage(127886.75941168939, 120972.97115425522, 25, 0x0144), Mortgage(169087.7609242359, 161219.2841296247, 25, 0x0168), Mortgage(188071.2315642993, 179319.36145135414, 25, 0x0168), Mortgage(150435.42645733067, 143085.0579476803, 25, 0x015c), Mortgage(58986.80208799484, 50851.13575579473, 25, 0x009c), Mortgage(160238.62654888546, 154556.23654826896, 25, 0x01b0), Mortgage(100013.05505313832, 88400.8282844367, 25, 0x00b4), Mortgage(85009.98901832115, 77660.48045133613, 25, 0x00e4), Mortgage(71128.25254595446, 67972.39153713519, 25, 0x0174), Mortgage(104866.24525157007, 99479.99731049174, 25, 0x0150), Mortgage(128427.84408758272, 122729.68040303465, 25, 0x0174), Mortgage(98874.42760766073, 93240.59498622463, 25, 0x0138), Mortgage(53727.27246518075, 49082.300105773895, 25, 0x00e4), Mortgage(136042.8860059731, 122506.71560269469, 25, 0x00cc), Mortgage(122555.63259251985, 115930.05464059993, 25, 0x0144), Mortgage(91355.93070643782, 87973.6037873272, 25, 0x01a4), Mortgage(118185.3224041268, 109208.60955431173, 25, 0x00fc), Mortgage(122831.49798318502, 118283.83174049489, 25, 0x01a4), Mortgage(283109.2717320795, 272157.1082569711, 25, 0x0198), Mortgage(59098.44074319719, 57089.54294533422, 25, 0x01bc), Mortgage(54443.801509090394, 52513.11276097875, 25, 0x01b0), Mortgage(84732.18964154838, 81969.2980966643, 25, 0x01c8), Mortgage(70950.6059718018, 61994.88889025837, 25, 0x00a8), Mortgage(199275.55958546855, 193038.1739461102, 25, 0x01d4), Mortgage(152275.25945112552, 137123.9794345918, 25, 0x00cc), Mortgage(167123.62539048606, 155184.03770707396, 25, 0x0108), Mortgage(218814.54710464366, 211965.58521171348, 25, 0x01d4), Mortgage(39560.8380295772, 36556.01242293184, 25, 0x00fc), Mortgage(112604.9520705431, 101400.83942467535, 25, 0x00cc), Mortgage(236186.6530097353, 228793.9389169707, 25, 0x01d4), Mortgage(151444.2937234376, 145837.2783118987, 25, 0x01a4), Mortgage(164862.08785058954, 154946.78235879968, 25, 0x012c), Mortgage(88079.45592263916, 79315.61270084401, 25, 0x00cc), Mortgage(67803.25982866125, 65680.99716867064, 25, 0x01d4), Mortgage(60890.19441937575, 58391.343905011636, 14, 0x0114), Mortgage(146458.0101413213, 105554.92446919259, 25, 0x0054), Mortgage(71877.47675840436, 67554.54751899975, 25, 0x012c), Mortgage(255648.64625253162, 243157.49437958922, 25, 0x015c), Mortgage(84848.93570368382, 81964.71679803079, 25, 0x01bc), Mortgage(122637.6812655975, 118097.19081867892, 25, 0x01a4)];House[House(0x002e, Oeiras, NotSocialNeighbourhood, 1.0, 6), House(0x002c, Oeiras, NotSocialNeighbourhood, 1.0, 4), House(0x0022, Oeiras, NotSocialNeighbourhood, 1.0, 9), House(0x002f, Oeiras, NotSocialNeighbourhood, 1.0, 6), House(0x0069, Oeiras, NotSocialNeighbourhood, 1.0, 3), House(0x0015, Oeiras, NotSocialNeighbourhood, 1.0, 14), House(0x003a, Oeiras, NotSocialNeighbourhood, 1.0, 4), House(0x0033, Oeiras, NotSocialNeighbourhood, 1.0, 3), House(0x0029, Oeiras, NotSocialNeighbourhood, 1.0, 5), House(0x003f, Oeiras, NotSocialNeighbourhood, 1.0, 2), House(0x002e, Oeiras, NotSocialNeighbourhood, 1.0, 14), House(0x004a, Oeiras, NotSocialNeighbourhood, 1.0, 5), House(0x0022, Oeiras, NotSocialNeighbourhood, 1.0, 4), House(0x00c6, Oeiras, NotSocialNeighbourhood, 1.0, 90), House(0x0118, Oeiras, NotSocialNeighbourhood, 1.0, 82), House(0x0030, Oeiras, NotSocialNeighbourhood, 1.0, 2), House(0x004d, Oeiras, NotSocialNeighbourhood, 1.0, 10), House(0x0035, Oeiras, NotSocialNeighbourhood, 1.0, 16), House(0x0047, Oeiras, NotSocialNeighbourhood, 1.0, 5), House(0x0040, Oeiras, NotSocialNeighbourhood, 1.0, 15), House(0x00c6, Oeiras, NotSocialNeighbourhood, 1.0, 90), House(0x0040, Oeiras, NotSocialNeighbourhood, 1.0, 2), House(0x0061, Oeiras, NotSocialNeighbourhood, 1.0, 11), House(0x0032, Oeiras, NotSocialNeighbourhood, 1.0, 2), House(0x0061, Oeiras, NotSocialNeighbourhood, 1.0, 6), House(0x0070, Oeiras, NotSocialNeighbourhood, 1.0, 1), House(0x006f, Oeiras, NotSocialNeighbourhood, 1.0, 2), House(0x003e, Oeiras, NotSocialNeighbourhood, 1.0, 5), House(0x001c, Oeiras, NotSocialNeighbourhood, 1.0, 7), House(0x0053, Oeiras, NotSocialNeighbourhood, 1.0, 5), House(0x0036, Oeiras, NotSocialNeighbourhood, 1.0, 10), House(0x003f, Oeiras, NotSocialNeighbourhood, 1.0, 3), House(0x0058, Oeiras, NotSocialNeighbourhood, 1.0, 10), House(0x00ba, Oeiras, NotSocialNeighbourhood, 1.0, 93), House(0x0062, Oeiras, NotSocialNeighbourhood, 1.0, 1), House(0x0129, Oeiras, NotSocialNeighbourhood, 1.0, 53), House(0x002f, Oeiras, NotSocialNeighbourhood, 1.0, 1), House(0x001c, Oeiras, NotSocialNeighbourhood, 1.0, 1), House(0x003c, Oeiras, NotSocialNeighbourhood, 1.0, 8), House(0x0017, Oeiras, NotSocialNeighbourhood, 1.0, 13), House(0x0095, Oeiras, NotSocialNeighbourhood, 1.0, 29), House(0x008c, Oeiras, NotSocialNeighbourhood, 1.0, 100), House(0x0053, Oeiras, NotSocialNeighbourhood, 1.0, 6), House(0x0019, Oeiras, NotSocialNeighbourhood, 1.0, 12), House(0x0024, Oeiras, NotSocialNeighbourhood, 1.0, 4), House(0x0062, Oeiras, NotSocialNeighbourhood, 1.0, 2), House(0x001d, Oeiras, NotSocialNeighbourhood, 1.0, 16), House(0x002a, Oeiras, NotSocialNeighbourhood, 1.0, 2), House(0x0037, Oeiras, NotSocialNeighbourhood, 1.0, 8), House(0x0059, Oeiras, NotSocialNeighbourhood, 1.0, 2), House(0x0030, Oeiras, NotSocialNeighbourhood, 1.0, 11), House(0x002e, Oeiras, NotSocialNeighbourhood, 1.0, 4), House(0x001d, Oeiras, NotSocialNeighbourhood, 1.0, 3), House(0x0032, Oeiras, NotSocialNeighbourhood, 1.0, 13), House(0x0032, Oeiras, NotSocialNeighbourhood, 1.0, 9), House(0x0035, Oeiras, NotSocialNeighbourhood, 1.0, 6), House(0x002f, Oeiras, NotSocialNeighbourhood, 1.0, 4), House(0x0036, Oeiras, NotSocialNeighbourhood, 1.0, 1), House(0x0031, Oeiras, NotSocialNeighbourhood, 1.0, 1), House(0x0033, Oeiras, NotSocialNeighbourhood, 1.0, 3), House(0x0039, Oeiras, NotSocialNeighbourhood, 1.0, 9), House(0x0040, Oeiras, NotSocialNeighbourhood, 1.0, 7), House(0x0041, Oeiras, NotSocialNeighbourhood, 1.0, 1), House(0x002e, Oeiras, NotSocialNeighbourhood, 1.0, 8), House(0x0052, Oeiras, NotSocialNeighbourhood, 1.0, 4), House(0x0027, Oeiras, NotSocialNeighbourhood, 1.0, 13), House(0x0036, Oeiras, NotSocialNeighbourhood, 1.0, 13), House(0x0057, Oeiras, NotSocialNeighbourhood, 1.0, 1), House(0x0029, Oeiras, NotSocialNeighbourhood, 1.0, 2), House(0x0032, Oeiras, NotSocialNeighbourhood, 1.0, 52), House(0x0023, Oeiras, NotSocialNeighbourhood, 1.0, 21), House(0x0042, Oeiras, NotSocialNeighbourhood, 1.0, 10), House(0x0029, Oeiras, NotSocialNeighbourhood, 1.0, 2), House(0x0029, Oeiras, NotSocialNeighbourhood, 1.0, 1), House(0x0020, Oeiras, NotSocialNeighbourhood, 1.0, 12), House(0x006f, Oeiras, NotSocialNeighbourhood, 1.0, 1), House(0x0055, Oeiras, NotSocialNeighbourhood, 1.0, 4), House(0x00c6, Oeiras, NotSocialNeighbourhood, 1.0, 82), House(0x005d, Oeiras, NotSocialNeighbourhood, 1.0, 12), House(0x0025, Oeiras, NotSocialNeighbourhood, 1.0, 1), House(0x003d, Oeiras, NotSocialNeighbourhood, 1.0, 29), House(0x0048, Oeiras, NotSocialNeighbourhood, 1.0, 50), House(0x002b, Oeiras, NotSocialNeighbourhood, 1.0, 38), House(0x0022, Oeiras, NotSocialNeighbourhood, 1.0, 18), House(0x0022, Oeiras, NotSocialNeighbourhood, 1.0, 81), House(0x0074, Oeiras, NotSocialNeighbourhood, 1.0, 71), House(0x004c, Oeiras, NotSocialNeighbourhood, 1.0, 31), House(0x009a, Oeiras, NotSocialNeighbourhood, 1.0, 93), House(0x0085, Oeiras, NotSocialNeighbourhood, 1.0, 32)];Dict{HouseLocation, Float64}(Oeiras => 5.229750122488272)
12;93;6.916492104191093e9;2.337413589754489e8;4.509522692208224e9;4.730483452075787e9;2285.879251061162;Dict{HouseLocation, Int64}(Oeiras => 142);Dict{HouseLocation, Int64}(Oeiras => 6136);Dict{HouseLocation, Int64}(Oeiras => 58);Dict{HouseLocation, Int64}(Oeiras => 5714);1674.678922088351;0.21000000000000002;0.16;0.99;1.0;169;9;90;102;73924;9.254454904734509e6;1.916911327377537e7;8.929465611409114e7;1.4456574e8;0.0;1.8751780045148986e6;2.4140796946197498e8;1.521133133478842e8;1.0862497521806009e8;Dict{Any, Any}(Oeiras => Transaction[Transaction(0x0061, 139841.65635249732, Oeiras), Transaction(0x0095, 311619.2056711642, Oeiras), Transaction(0x0030, 64793.34158960754, Oeiras), Transaction(0x002d, 124953.38556069705, Oeiras), Transaction(0x0055, 293092.4615159276, Oeiras), Transaction(0x0042, 160515.36654523865, Oeiras), Transaction(0x0033, 102406.88590168864, Oeiras), Transaction(0x007e, 192372.939469505, Oeiras), Transaction(0x001d, 46997.30813546777, Oeiras), Transaction(0x002d, 124476.55778120414, Oeiras), Transaction(0x0078, 320935.1354620629, Oeiras), Transaction(0x003c, 166402.80347931004, Oeiras), Transaction(0x0027, 101296.98791827806, Oeiras), Transaction(0x003f, 211873.69579643715, Oeiras), Transaction(0x001b, 81034.18040329567, Oeiras), Transaction(0x0034, 139828.48815841007, Oeiras), Transaction(0x0051, 235607.1273920032, Oeiras), Transaction(0x0072, 410837.96693945443, Oeiras), Transaction(0x001e, 68699.23452386878, Oeiras), Transaction(0x0050, 278054.96250929846, Oeiras), Transaction(0x0059, 245846.06658686796, Oeiras), Transaction(0x0034, 164508.1441851549, Oeiras), Transaction(0x003d, 205299.40857022066, Oeiras), Transaction(0x003f, 182455.33805990484, Oeiras), Transaction(0x002e, 58779.597262155534, Oeiras), Transaction(0x0015, 37297.09061277218, Oeiras), Transaction(0x0051, 268315.7388534241, Oeiras), Transaction(0x004c, 215820.58404643336, Oeiras), Transaction(0x0024, 85780.25674147085, Oeiras), Transaction(0x0052, 103470.51205094616, Oeiras), Transaction(0x004d, 108656.5970696567, Oeiras), Transaction(0x003e, 79085.65557180827, Oeiras), Transaction(0x0058, 131341.45070873297, Oeiras), Transaction(0x0040, 79417.8710723466, Oeiras), Transaction(0x0048, 156591.11661042573, Oeiras), Transaction(0x002b, 85693.72999087538, Oeiras), Transaction(0x002a, 95157.88899917752, Oeiras), Transaction(0x0064, 243022.8003082196, Oeiras), Transaction(0x004c, 182952.68486876128, Oeiras), Transaction(0x0041, 120590.80768493943, Oeiras), Transaction(0x0023, 56638.082120833504, Oeiras), Transaction(0x0058, 173042.85132464522, Oeiras), Transaction(0x003d, 115277.037014911, Oeiras), Transaction(0x0022, 97466.66201882275, Oeiras), Transaction(0x0036, 136045.9314462192, Oeiras), Transaction(0x0032, 119861.23911164717, Oeiras), Transaction(0x004f, 297202.37557354243, Oeiras), Transaction(0x004c, 233139.60306069205, Oeiras), Transaction(0x0046, 210473.4438131367, Oeiras), Transaction(0x0024, 111947.11679514628, Oeiras), Transaction(0x008c, 465225.70934361196, Oeiras), Transaction(0x0077, 293042.8713472801, Oeiras), Transaction(0x0085, 265360.468619999, Oeiras), Transaction(0x004e, 188728.05575489122, Oeiras), Transaction(0x006f, 247529.18539124264, Oeiras), Transaction(0x004c, 146749.7592662926, Oeiras), Transaction(0x005f, 286490.8286955838, Oeiras), Transaction(0x003c, 167589.85734623708, Oeiras), Transaction(0x0042, 164673.43120507305, Oeiras), Transaction(0x0074, 317519.4442008874, Oeiras), Transaction(0x0053, 111236.92984896185, Oeiras), Transaction(0x0036, 71128.07916657794, Oeiras), Transaction(0x0066, 311720.1200725011, Oeiras), Transaction(0x004f, 219500.02220153727, Oeiras), Transaction(0x002c, 71877.8561827507, Oeiras), Transaction(0x001b, 88039.88585095714, Oeiras), Transaction(0x004e, 193164.31507908658, Oeiras)]);Dict{Any, Any}(Oeiras => Transaction[Transaction(0x00a3, 2547.244516455865, Oeiras), Transaction(0x00c1, 2788.106864056459, Oeiras), Transaction(0x0078, 1604.201854893053, Oeiras), Transaction(0x0072, 1575.0587578324207, Oeiras), Transaction(0x0050, 1188.4376769582834, Oeiras), Transaction(0x0062, 1344.3851395990566, Oeiras), Transaction(0x0044, 1000.1888589037703, Oeiras), Transaction(0x0066, 1238.3650924586675, Oeiras), Transaction(0x0048, 999.9598911466147, Oeiras), Transaction(0x004b, 1018.0298271384396, Oeiras), Transaction(0x0030, 700.8614511288762, Oeiras), Transaction(0x0034, 785.0396166185803, Oeiras), Transaction(0x006c, 1244.645679349684, Oeiras), Transaction(0x004c, 926.0752944281261, Oeiras), Transaction(0x0028, 529.3733812438192, Oeiras), Transaction(0x0061, 1062.6961465374202, Oeiras), Transaction(0x002a, 535.9051778560857, Oeiras), Transaction(0x0023, 425.4951357456296, Oeiras), Transaction(0x0045, 777.4642938482457, Oeiras), Transaction(0x0030, 551.1746025609616, Oeiras), Transaction(0x003c, 499.2349069688173, Oeiras), Transaction(0x0033, 540.9413255534258, Oeiras), Transaction(0x001f, 301.5769850475174, Oeiras), Transaction(0x0034, 551.8871349820417, Oeiras), Transaction(0x0066, 846.1907438125369, Oeiras), Transaction(0x0022, 154.8325500151025, Oeiras), Transaction(0x006a, 750.379720652076, Oeiras), Transaction(0x0050, 793.9170308624412, Oeiras), Transaction(0x002a, 199.28057713942778, Oeiras), Transaction(0x0043, 586.766851447912, Oeiras)]);Dict{HouseLocation, Dict{SizeInterval, Int64}}(Oeiras => Dict(LessThan75 => 7, LessThan125 => 2, More => 5, LessThan50 => 4));Dict{HouseLocation, Dict{SizeInterval, Int64}}(Oeiras => Dict(LessThan75 => 25, LessThan125 => 12, More => 7, LessThan50 => 31));Dict{HouseLocation, Dict{SizeInterval, Int64}}(Oeiras => Dict(LessThan75 => 406, LessThan125 => 751, More => 819, LessThan50 => 334));House[House(0x002f, Oeiras, NotSocialNeighbourhood, 1.0, 1), House(0x0027, Oeiras, NotSocialNeighbourhood, 1.0, 13), House(0x0070, Oeiras, NotSocialNeighbourhood, 1.0, 1), House(0x005d, Oeiras, NotSocialNeighbourhood, 1.0, 12), House(0x006f, Oeiras, NotSocialNeighbourhood, 1.0, 1), House(0x0032, Oeiras, NotSocialNeighbourhood, 1.0, 13), House(0x0022, Oeiras, NotSocialNeighbourhood, 1.0, 18), House(0x0030, Oeiras, NotSocialNeighbourhood, 1.0, 2), House(0x009a, Oeiras, NotSocialNeighbourhood, 1.0, 93), House(0x0032, Oeiras, NotSocialNeighbourhood, 1.0, 3), House(0x0020, Oeiras, NotSocialNeighbourhood, 1.0, 99), House(0x001f, Oeiras, NotSocialNeighbourhood, 1.0, 25), House(0x0025, Oeiras, NotSocialNeighbourhood, 1.0, 13), House(0x0019, Oeiras, NotSocialNeighbourhood, 1.0, 16), House(0x0051, Oeiras, NotSocialNeighbourhood, 1.0, 50), House(0x005c, Oeiras, NotSocialNeighbourhood, 1.0, 36), House(0x007f, Oeiras, NotSocialNeighbourhood, 1.0, 85), House(0x008d, Oeiras, NotSocialNeighbourhood, 1.0, 10), House(0x0083, Oeiras, NotSocialNeighbourhood, 1.0, 40), House(0x0087, Oeiras, NotSocialNeighbourhood, 1.0, 28), House(0x0083, Oeiras, NotSocialNeighbourhood, 1.0, 78), House(0x0035, Oeiras, NotSocialNeighbourhood, 1.0, 100), House(0x0042, Oeiras, NotSocialNeighbourhood, 1.0, 99), House(0x0042, Oeiras, NotSocialNeighbourhood, 1.0, 96), House(0x0038, Oeiras, NotSocialNeighbourhood, 1.0, 4), House(0x0033, Oeiras, NotSocialNeighbourhood, 1.0, 30), House(0x0039, Oeiras, NotSocialNeighbourhood, 1.0, 78)];Mortgage[Mortgage(119586.51041894862, 114811.64563075533, 24, 0x0180), Mortgage(269982.6850990625, 257520.88315020988, 24, 0x015c), Mortgage(56443.01522001738, 53556.84388566347, 24, 0x0144), Mortgage(107117.30553475619, 103695.50480307045, 24, 0x01bc), Mortgage(177583.0739300783, 167468.88885679434, 24, 0x012c), Mortgage(50391.60461621628, 41383.07808827856, 24, 0x0078), Mortgage(75251.94031840353, 71778.47765478594, 24, 0x015c), Mortgage(166948.20715509716, 159242.24818769348, 24, 0x015c), Mortgage(39689.07975809769, 38421.23492688013, 24, 0x01bc), Mortgage(92645.41060269049, 87649.34439736739, 24, 0x0138), Mortgage(276616.6071426826, 258957.42643705156, 24, 0x0114), Mortgage(142507.00798573293, 137542.0416761666, 24, 0x01a4), Mortgage(75514.86221956476, 70965.27992983747, 24, 0x0120), Mortgage(43991.25046055816, 39827.402707907735, 24, 0x00cc), Mortgage(41772.78128480702, 37507.68224250769, 24, 0x00c0), Mortgage(120306.44336361809, 111632.95366772835, 24, 0x00fc), Mortgage(199725.05801171542, 193609.13208069175, 24, 0x01c8), Mortgage(292620.29335575877, 274990.649797709, 24, 0x0120), Mortgage(41477.24567928814, 39562.748011226446, 24, 0x015c), Mortgage(94855.57340198357, 91950.93205729424, 24, 0x01c8), Mortgage(84684.57927118216, 79278.32292317203, 24, 0x0114), Mortgage(141198.98163871438, 136490.2460426757, 24, 0x01b0), Mortgage(9168.243241716875, 8582.943371867967, 24, 0x0114), Mortgage(158744.6358162383, 152099.37114702762, 24, 0x0174), Mortgage(49329.843364597466, 47611.18395392535, 24, 0x01a4), Mortgage(18369.54402585723, 17600.570124617207, 24, 0x0174), Mortgage(233817.18387747573, 226949.07950478065, 24, 0x01d4), Mortgage(70702.43188316494, 68007.20199132636, 24, 0x018c), Mortgage(93426.04156197072, 87797.3553458216, 24, 0x0120), Mortgage(60125.46502156599, 51432.019116399366, 24, 0x0090), Mortgage(112536.1421913734, 102627.7260649632, 24, 0x00d8), Mortgage(46031.676094944516, 38661.50002368967, 24, 0x0084), Mortgage(134427.6668843797, 123384.00693133504, 24, 0x00e4), Mortgage(70302.12650264267, 68056.36549600727, 24, 0x01bc), Mortgage(80339.95086359416, 77980.05943612104, 24, 0x01d4), Mortgage(209233.22212929057, 195875.79099972462, 24, 0x0114), Mortgage(20918.830922707682, 12865.063712789031, 24, 0x003c), Mortgage(100822.29554064645, 97149.53455083417, 24, 0x0198), Mortgage(49261.61361995988, 47687.97969883678, 24, 0x01bc), Mortgage(147374.12151117602, 136046.23486739857, 24, 0x00f0), Mortgage(93121.61249385505, 87176.73666150669, 24, 0x0114), Mortgage(71101.87919404474, 67819.97414749587, 24, 0x015c), Mortgage(104171.33504154457, 97521.04586025693, 24, 0x0114), Mortgage(261030.3287329105, 250103.24693136077, 24, 0x0174), Mortgage(202447.71702335574, 186886.6078800642, 24, 0x00f0), Mortgage(183387.89004450405, 178001.08677954806, 24, 0x01d4), Mortgage(93009.06769441979, 88715.97541470561, 24, 0x015c), Mortgage(275865.4139302551, 247698.90749786267, 24, 0x00c0), Mortgage(257079.65439116047, 246317.95314869419, 24, 0x0174), Mortgage(230608.2600509047, 219963.8942336324, 24, 0x015c), Mortgage(215356.39475998934, 205416.0212173928, 24, 0x015c), Mortgage(127653.4902246684, 122309.74286508266, 24, 0x0174), Mortgage(140916.07690110494, 133710.43878775794, 24, 0x0144), Mortgage(40578.910594072135, 29743.737126741824, 24, 0x0054), Mortgage(96828.73686651322, 91607.0774576351, 24, 0x0138), Mortgage(49013.260526463186, 40251.14110129058, 24, 0x0078), Mortgage(168527.17798885665, 134550.00831012987, 24, 0x006c), Mortgage(185380.41794695077, 175901.1290368273, 24, 0x0144), Mortgage(62185.925953151986, 57406.01539075229, 24, 0x00f0), Mortgage(49273.41038899617, 42149.04590173325, 24, 0x0090), Mortgage(166305.8646307236, 159966.1599614205, 24, 0x018c)];House[House(0x0033, Oeiras, NotSocialNeighbourhood, 1.0, 3), House(0x0029, Oeiras, NotSocialNeighbourhood, 1.0, 5), House(0x003f, Oeiras, NotSocialNeighbourhood, 1.0, 3), House(0x0032, Oeiras, NotSocialNeighbourhood, 1.0, 9), House(0x0022, Oeiras, NotSocialNeighbourhood, 1.0, 4), House(0x003c, Oeiras, NotSocialNeighbourhood, 1.0, 16), House(0x002b, Oeiras, NotSocialNeighbourhood, 1.0, 9), House(0x0035, Oeiras, NotSocialNeighbourhood, 1.0, 6), House(0x002f, Oeiras, NotSocialNeighbourhood, 1.0, 1), House(0x0062, Oeiras, NotSocialNeighbourhood, 1.0, 2), House(0x0024, Oeiras, NotSocialNeighbourhood, 1.0, 4), House(0x002a, Oeiras, NotSocialNeighbourhood, 1.0, 2), House(0x0027, Oeiras, NotSocialNeighbourhood, 1.0, 13), House(0x0025, Oeiras, NotSocialNeighbourhood, 1.0, 1), House(0x0039, Oeiras, NotSocialNeighbourhood, 1.0, 9), House(0x0070, Oeiras, NotSocialNeighbourhood, 1.0, 1), House(0x001d, Oeiras, NotSocialNeighbourhood, 1.0, 5), House(0x0129, Oeiras, NotSocialNeighbourhood, 1.0, 53), House(0x0037, Oeiras, NotSocialNeighbourhood, 1.0, 8), House(0x0029, Oeiras, NotSocialNeighbourhood, 1.0, 2), House(0x002e, Oeiras, NotSocialNeighbourhood, 1.0, 4), House(0x0040, Oeiras, NotSocialNeighbourhood, 1.0, 2), House(0x002f, Oeiras, NotSocialNeighbourhood, 1.0, 6), House(0x0033, Oeiras, NotSocialNeighbourhood, 1.0, 3), House(0x001c, Oeiras, NotSocialNeighbourhood, 1.0, 1), House(0x002e, Oeiras, NotSocialNeighbourhood, 1.0, 6), House(0x005d, Oeiras, NotSocialNeighbourhood, 1.0, 12), House(0x0017, Oeiras, NotSocialNeighbourhood, 1.0, 13), House(0x006f, Oeiras, NotSocialNeighbourhood, 1.0, 2), House(0x0061, Oeiras, NotSocialNeighbourhood, 1.0, 6), House(0x0053, Oeiras, NotSocialNeighbourhood, 1.0, 5), House(0x0042, Oeiras, NotSocialNeighbourhood, 1.0, 10), House(0x001d, Oeiras, NotSocialNeighbourhood, 1.0, 3), House(0x0029, Oeiras, NotSocialNeighbourhood, 1.0, 2), House(0x006f, Oeiras, NotSocialNeighbourhood, 1.0, 1), House(0x0043, Oeiras, NotSocialNeighbourhood, 1.0, 8), House(0x0032, Oeiras, NotSocialNeighbourhood, 1.0, 13), House(0x0118, Oeiras, NotSocialNeighbourhood, 1.0, 82), House(0x002e, Oeiras, NotSocialNeighbourhood, 1.0, 14), House(0x0057, Oeiras, NotSocialNeighbourhood, 1.0, 1), House(0x0055, Oeiras, NotSocialNeighbourhood, 1.0, 4), House(0x002c, Oeiras, NotSocialNeighbourhood, 1.0, 6), House(0x0029, Oeiras, NotSocialNeighbourhood, 1.0, 1), House(0x0040, Oeiras, NotSocialNeighbourhood, 1.0, 15), House(0x00c6, Oeiras, NotSocialNeighbourhood, 1.0, 90), House(0x0059, Oeiras, NotSocialNeighbourhood, 1.0, 2), House(0x0019, Oeiras, NotSocialNeighbourhood, 1.0, 12), House(0x00c6, Oeiras, NotSocialNeighbourhood, 1.0, 82), House(0x003a, Oeiras, NotSocialNeighbourhood, 1.0, 4), House(0x0015, Oeiras, NotSocialNeighbourhood, 1.0, 14), House(0x004a, Oeiras, NotSocialNeighbourhood, 1.0, 5), House(0x0069, Oeiras, NotSocialNeighbourhood, 1.0, 3), House(0x003f, Oeiras, NotSocialNeighbourhood, 1.0, 2), House(0x0032, Oeiras, NotSocialNeighbourhood, 1.0, 2), House(0x0035, Oeiras, NotSocialNeighbourhood, 1.0, 16), House(0x003c, Oeiras, NotSocialNeighbourhood, 1.0, 8), House(0x0062, Oeiras, NotSocialNeighbourhood, 1.0, 1), House(0x0036, Oeiras, NotSocialNeighbourhood, 1.0, 1), House(0x0047, Oeiras, NotSocialNeighbourhood, 1.0, 5), House(0x0022, Oeiras, NotSocialNeighbourhood, 1.0, 18), House(0x0041, Oeiras, NotSocialNeighbourhood, 1.0, 1), House(0x002d, Oeiras, NotSocialNeighbourhood, 1.0, 20), House(0x001c, Oeiras, NotSocialNeighbourhood, 1.0, 7), House(0x0036, Oeiras, NotSocialNeighbourhood, 1.0, 10), House(0x00ba, Oeiras, NotSocialNeighbourhood, 1.0, 93), House(0x0020, Oeiras, NotSocialNeighbourhood, 1.0, 12), House(0x0031, Oeiras, NotSocialNeighbourhood, 1.0, 1), House(0x0030, Oeiras, NotSocialNeighbourhood, 1.0, 2), House(0x0035, Oeiras, NotSocialNeighbourhood, 1.0, 5), House(0x00c6, Oeiras, NotSocialNeighbourhood, 1.0, 90), House(0x0022, Oeiras, NotSocialNeighbourhood, 1.0, 9), House(0x002f, Oeiras, NotSocialNeighbourhood, 1.0, 4), House(0x0036, Oeiras, NotSocialNeighbourhood, 1.0, 1), House(0x002c, Oeiras, NotSocialNeighbourhood, 1.0, 4), House(0x009a, Oeiras, NotSocialNeighbourhood, 1.0, 93), House(0x0032, Oeiras, NotSocialNeighbourhood, 1.0, 3), House(0x0020, Oeiras, NotSocialNeighbourhood, 1.0, 99), House(0x001f, Oeiras, NotSocialNeighbourhood, 1.0, 25), House(0x0025, Oeiras, NotSocialNeighbourhood, 1.0, 13), House(0x0019, Oeiras, NotSocialNeighbourhood, 1.0, 16), House(0x0051, Oeiras, NotSocialNeighbourhood, 1.0, 50), House(0x005c, Oeiras, NotSocialNeighbourhood, 1.0, 36), House(0x007f, Oeiras, NotSocialNeighbourhood, 1.0, 85), House(0x008d, Oeiras, NotSocialNeighbourhood, 1.0, 10), House(0x0083, Oeiras, NotSocialNeighbourhood, 1.0, 40), House(0x0087, Oeiras, NotSocialNeighbourhood, 1.0, 28), House(0x0083, Oeiras, NotSocialNeighbourhood, 1.0, 78), House(0x0035, Oeiras, NotSocialNeighbourhood, 1.0, 100), House(0x0042, Oeiras, NotSocialNeighbourhood, 1.0, 99), House(0x0042, Oeiras, NotSocialNeighbourhood, 1.0, 96), House(0x0038, Oeiras, NotSocialNeighbourhood, 1.0, 4), House(0x0033, Oeiras, NotSocialNeighbourhood, 1.0, 30), House(0x0039, Oeiras, NotSocialNeighbourhood, 1.0, 78)];Dict{HouseLocation, Float64}(Oeiras => 5.283211913709221)
13;79;6.884625701313852e9;2.2704201888200206e8;4.520929142709266e9;4.720390260164978e9;2288.3360638488934;Dict{HouseLocation, Int64}(Oeiras => 154);Dict{HouseLocation, Int64}(Oeiras => 6262);Dict{HouseLocation, Int64}(Oeiras => 51);Dict{HouseLocation, Int64}(Oeiras => 5780);1706.8362132964337;0.21000000000000002;0.16;0.99;1.0;166;12;103;136;74010;9.165414593176682e6;2.0642976622533865e7;8.932323123879984e7;1.4456574e8;0.0;1.763466636176008e6;2.4153491676770145e8;1.522116855289068e8;1.0837562726830254e8;Dict{Any, Any}(Oeiras => Transaction[Transaction(0x0061, 125681.56193612002, Oeiras), Transaction(0x0055, 99074.53471240013, Oeiras), Transaction(0x005c, 184212.85071650954, Oeiras), Transaction(0x0083, 376963.1168663758, Oeiras), Transaction(0x002e, 96470.53452521672, Oeiras), Transaction(0x0054, 222478.6888921255, Oeiras), Transaction(0x0039, 193196.43245103213, Oeiras), Transaction(0x0027, 129636.92970375932, Oeiras), Transaction(0x0048, 138003.124743602, Oeiras), Transaction(0x007f, 385037.941468428, Oeiras), Transaction(0x0036, 58640.167141657905, Oeiras), Transaction(0x005d, 155557.7395567732, Oeiras), Transaction(0x0020, 106618.63632637318, Oeiras), Transaction(0x0019, 32541.41134678547, Oeiras), Transaction(0x008d, 249166.2277989508, Oeiras), Transaction(0x0035, 176996.63602634045, Oeiras), Transaction(0x003b, 156570.423895789, Oeiras), Transaction(0x00d6, 452695.75924479857, Oeiras), Transaction(0x0039, 194802.73074948104, Oeiras), Transaction(0x003d, 177901.41863521255, Oeiras), Transaction(0x0053, 262457.69163269876, Oeiras), Transaction(0x0034, 85413.25586978937, Oeiras), Transaction(0x0039, 159625.4060668035, Oeiras), Transaction(0x0087, 264284.9457302061, Oeiras), Transaction(0x005a, 314635.1133579463, Oeiras), Transaction(0x0015, 28827.702505256522, Oeiras), Transaction(0x0042, 221097.22143785222, Oeiras), Transaction(0x0051, 177550.3165238934, Oeiras), Transaction(0x0089, 350102.0813681431, Oeiras), Transaction(0x0042, 131780.8691331197, Oeiras), Transaction(0x0043, 144552.782593026, Oeiras), Transaction(0x0040, 115937.48035387069, Oeiras), Transaction(0x0051, 152941.5669746145, Oeiras), Transaction(0x0017, 44228.08799527177, Oeiras), Transaction(0x0063, 345294.2825435222, Oeiras), Transaction(0x003a, 79122.60322150195, Oeiras), Transaction(0x003e, 148893.67204931114, Oeiras), Transaction(0x0029, 50918.34100018705, Oeiras), Transaction(0x0027, 58628.01628319028, Oeiras), Transaction(0x0035, 76395.37404951114, Oeiras), Transaction(0x002d, 70770.50807240729, Oeiras), Transaction(0x0033, 97143.39140117909, Oeiras), Transaction(0x0042, 214578.1782699384, Oeiras), Transaction(0x003f, 182924.3028386271, Oeiras), Transaction(0x0058, 290537.7108971509, Oeiras), Transaction(0x001f, 78124.0419487884, Oeiras), Transaction(0x003d, 114703.41834157973, Oeiras), Transaction(0x0043, 216301.99862766656, Oeiras), Transaction(0x002a, 122224.42015331914, Oeiras), Transaction(0x0057, 320802.627559264, Oeiras), Transaction(0x005b, 194471.02963603666, Oeiras), Transaction(0x0022, 117008.01898264693, Oeiras), Transaction(0x002f, 107091.7530167893, Oeiras), Transaction(0x006f, 127939.2603841222, Oeiras), Transaction(0x0042, 96018.8719446189, Oeiras), Transaction(0x0068, 301456.32393959287, Oeiras), Transaction(0x003d, 192370.10231997937, Oeiras), Transaction(0x003e, 179334.37511299885, Oeiras), Transaction(0x0056, 212989.03111202005, Oeiras), Transaction(0x002c, 68866.41197164301, Oeiras), Transaction(0x0045, 119254.09723534917, Oeiras), Transaction(0x003c, 90882.95066114394, Oeiras), Transaction(0x003b, 177273.12162071335, Oeiras), Transaction(0x0040, 218870.80581750275, Oeiras), Transaction(0x0025, 62297.437983261596, Oeiras), Transaction(0x0087, 404472.7997763224, Oeiras), Transaction(0x0025, 80383.94885409398, Oeiras), Transaction(0x0020, 90577.16188377752, Oeiras), Transaction(0x0063, 327726.49631015776, Oeiras), Transaction(0x0046, 217982.07125785126, Oeiras), Transaction(0x0047, 89423.17520141546, Oeiras), Transaction(0x0040, 94839.7580561454, Oeiras), Transaction(0x0020, 44731.80914105524, Oeiras), Transaction(0x00c6, 520516.9826381073, Oeiras), Transaction(0x0032, 80990.33823066228, Oeiras), Transaction(0x0057, 220631.33414709952, Oeiras), Transaction(0x0052, 230290.612846794, Oeiras), Transaction(0x0052, 168537.30857022305, Oeiras), Transaction(0x0050, 105985.53806980417, Oeiras), Transaction(0x0061, 271989.8506982973, Oeiras), Transaction(0x001f, 55855.72023555052, Oeiras), Transaction(0x0093, 387289.38797314424, Oeiras), Transaction(0x002f, 88606.77233348362, Oeiras), Transaction(0x0035, 62144.38333329099, Oeiras), Transaction(0x002e, 53231.72129466882, Oeiras), Transaction(0x001c, 85900.46749176152, Oeiras), Transaction(0x00c6, 589847.8189326107, Oeiras), Transaction(0x0083, 272322.4218068476, Oeiras), Transaction(0x0078, 378570.19681261736, Oeiras), Transaction(0x0049, 152030.7214430176, Oeiras), Transaction(0x003e, 128981.20990888985, Oeiras)]);Dict{Any, Any}(Oeiras => Transaction[Transaction(0x009f, 2547.1389509587966, Oeiras), Transaction(0x009c, 2229.639295326044, Oeiras), Transaction(0x0080, 1959.7471203219588, Oeiras), Transaction(0x0096, 2010.4650197650888, Oeiras), Transaction(0x0089, 1841.1643676627439, Oeiras), Transaction(0x004f, 1196.086942975112, Oeiras), Transaction(0x006e, 1511.785807116141, Oeiras), Transaction(0x006c, 1632.5579227764417, Oeiras), Transaction(0x004c, 1027.4972947392355, Oeiras), Transaction(0x0082, 1575.8040709876016, Oeiras), Transaction(0x003d, 859.6228278708746, Oeiras), Transaction(0x0034, 738.4013902185025, Oeiras), Transaction(0x0020, 437.5245629799926, Oeiras), Transaction(0x0062, 1071.4168547167244, Oeiras), Transaction(0x004d, 876.2753351120925, Oeiras), Transaction(0x0045, 732.8329147167241, Oeiras), Transaction(0x0044, 745.1209983803435, Oeiras), Transaction(0x0025, 377.2452191251444, Oeiras), Transaction(0x001c, 356.7616581128892, Oeiras), Transaction(0x001e, 291.3758103763894, Oeiras), Transaction(0x002e, 483.9338835679655, Oeiras), Transaction(0x0033, 550.6298480831871, Oeiras), Transaction(0x004e, 586.4155645528527, Oeiras), Transaction(0x0027, 377.01237232991, Oeiras), Transaction(0x004f, 783.2509592565738, Oeiras), Transaction(0x003e, 568.3288335163119, Oeiras)]);Dict{HouseLocation, Dict{SizeInterval, Int64}}(Oeiras => Dict(LessThan75 => 4, LessThan125 => 5, More => 2, LessThan50 => 5));Dict{HouseLocation, Dict{SizeInterval, Int64}}(Oeiras => Dict(LessThan75 => 22, LessThan125 => 9, More => 6, LessThan50 => 26));Dict{HouseLocation, Dict{SizeInterval, Int64}}(Oeiras => Dict(LessThan75 => 439, LessThan125 => 698, More => 744, LessThan50 => 381));House[House(0x002f, Oeiras, NotSocialNeighbourhood, 1.0, 1), House(0x0038, Oeiras, NotSocialNeighbourhood, 1.0, 4), House(0x009a, Oeiras, NotSocialNeighbourhood, 1.0, 93), House(0x006f, Oeiras, NotSocialNeighbourhood, 1.0, 1), House(0x0022, Oeiras, NotSocialNeighbourhood, 1.0, 18), House(0x0019, Oeiras, NotSocialNeighbourhood, 1.0, 16), House(0x0032, Oeiras, NotSocialNeighbourhood, 1.0, 3), House(0x0070, Oeiras, NotSocialNeighbourhood, 1.0, 1), House(0x0030, Oeiras, NotSocialNeighbourhood, 1.0, 2), House(0x006f, Oeiras, NotSocialNeighbourhood, 1.0, 27), House(0x004f, Oeiras, NotSocialNeighbourhood, 1.0, 28), House(0x0065, Oeiras, NotSocialNeighbourhood, 1.0, 98), House(0x006a, Oeiras, NotSocialNeighbourhood, 1.0, 46), House(0x0071, Oeiras, NotSocialNeighbourhood, 1.0, 17), House(0x0027, Oeiras, NotSocialNeighbourhood, 1.0, 2), House(0x001f, Oeiras, NotSocialNeighbourhood, 1.0, 72), House(0x002e, Oeiras, NotSocialNeighbourhood, 1.0, 25), House(0x002d, Oeiras, NotSocialNeighbourhood, 1.0, 80), House(0x001c, Oeiras, NotSocialNeighbourhood, 1.0, 65), House(0x0034, Oeiras, NotSocialNeighbourhood, 1.0, 60), House(0x0035, Oeiras, NotSocialNeighbourhood, 1.0, 32), House(0x0044, Oeiras, NotSocialNeighbourhood, 1.0, 79), House(0x0044, Oeiras, NotSocialNeighbourhood, 1.0, 20), House(0x0095, Oeiras, NotSocialNeighbourhood, 1.0, 66), House(0x0082, Oeiras, NotSocialNeighbourhood, 1.0, 72)];Mortgage[Mortgage(108464.5073504886, 103192.83985452646, 23, 0x0144), Mortgage(86836.682250276, 83385.6224288681, 23, 0x0174), Mortgage(334068.5419630715, 317831.91011815454, 23, 0x0144), Mortgage(77451.92592868935, 72135.31780768241, 23, 0x00fc), Mortgage(67500.99311866274, 59756.63271491181, 23, 0x00a8), Mortgage(165651.30674630697, 158388.01910197624, 23, 0x015c), Mortgage(103879.865817468, 97569.21275354661, 23, 0x0114), Mortgage(118442.06036537567, 114529.14147824024, 23, 0x01a4), Mortgage(341042.2035757381, 314350.65785620053, 23, 0x00e4), Mortgage(134192.61060670303, 130130.2820742644, 23, 0x01bc), Mortgage(52517.28061991445, 46491.99521662318, 23, 0x00a8), Mortgage(17770.899683474796, 15318.385608013123, 23, 0x0090), Mortgage(210764.4250037096, 203801.49226858863, 23, 0x01a4), Mortgage(152245.29682193173, 147828.65099827005, 23, 0x01c8), Mortgage(135385.98818931397, 126092.55570655588, 23, 0x00fc), Mortgage(209347.97439609878, 195842.84451150568, 23, 0x0108), Mortgage(31769.07792112691, 26912.73916430418, 23, 0x0084), Mortgage(145381.85530478085, 130051.32778376623, 23, 0x00b4), Mortgage(117793.95294352825, 113723.85424041108, 23, 0x0198), Mortgage(74906.74583670628, 71929.80505303593, 23, 0x0174), Mortgage(138699.871717159, 127844.57601352801, 23, 0x00e4), Mortgage(225902.96066528294, 219618.49011371052, 23, 0x01d4), Mortgage(110382.70656950519, 101743.64363783505, 23, 0x00e4), Mortgage(176863.16382161362, 171020.212322617, 23, 0x01a4), Mortgage(152696.03517363762, 144867.02153667572, 23, 0x0138), Mortgage(307227.7161166134, 286138.38423856697, 23, 0x00fc), Mortgage(113000.80187613398, 108509.92869862539, 23, 0x0174), Mortgage(125057.04282391642, 118645.13243899243, 23, 0x0138), Mortgage(99954.6072513146, 93093.32562051718, 23, 0x00fc), Mortgage(131051.59987332822, 119227.91901747901, 23, 0x00cc), Mortgage(35601.84257613018, 33439.04735911398, 23, 0x0114), Mortgage(127069.18205362133, 122871.25269561591, 23, 0x01a4), Mortgage(44467.99482807087, 43177.97544656109, 23, 0x01c8), Mortgage(50301.35729245181, 48482.001664633164, 23, 0x018c), Mortgage(63803.33183456838, 61267.66246926929, 23, 0x0174), Mortgage(60895.34679013492, 59128.768874787915, 23, 0x01c8), Mortgage(80597.62711219175, 76231.94116612476, 23, 0x012c), Mortgage(9451.21930249632, 7631.036370604216, 23, 0x006c), Mortgage(157032.80085673978, 152664.25247778627, 23, 0x01d4), Mortgage(221331.8104609524, 202761.55010365584, 23, 0x00d8), Mortgage(62527.54224947012, 59785.90661754314, 23, 0x015c), Mortgage(99580.47621658139, 95425.85846960482, 23, 0x0168), Mortgage(187091.2743594549, 180324.34835102467, 23, 0x018c), Mortgage(97662.99651918681, 90019.43713161672, 23, 0x00e4), Mortgage(279859.6527268382, 261805.78346712454, 23, 0x0108), Mortgage(169378.28054583055, 160203.66330904016, 23, 0x012c), Mortgage(56955.00711221995, 35987.561701799284, 23, 0x003c), Mortgage(86323.13315043596, 83818.89352219847, 23, 0x01c8), Mortgage(104262.23030044459, 97928.34877374995, 23, 0x0114), Mortgage(83280.76729785198, 80268.57556331328, 23, 0x018c), Mortgage(254575.55755155475, 231607.35152355593, 23, 0x00cc), Mortgage(167305.76847300018, 146315.42513371716, 23, 0x009c), Mortgage(154756.95403217553, 144133.82144090466, 23, 0x00fc), Mortgage(184872.39118987706, 175393.63511034017, 23, 0x0138), Mortgage(48232.03419016443, 43145.96257554171, 23, 0x00b4), Mortgage(103358.37071113834, 99441.57392063519, 23, 0x0180), Mortgage(79588.81584176187, 75508.14718611377, 23, 0x0138), Mortgage(154426.3576971749, 146061.63278334573, 23, 0x012c), Mortgage(189599.46836008038, 182064.41415877032, 23, 0x0174), Mortgage(49596.85866284127, 46192.33310222352, 23, 0x00fc), Mortgage(44664.32111051452, 39954.465107117794, 23, 0x00b4), Mortgage(68592.61616154389, 65866.61125732488, 23, 0x0174), Mortgage(68943.60176283252, 66665.94194627133, 23, 0x01a4), Mortgage(198139.41471912662, 187406.9094432935, 23, 0x012c), Mortgage(185547.19309805156, 178173.18425199538, 23, 0x0174), Mortgage(78367.95577075594, 75533.45608631974, 23, 0x018c), Mortgage(56847.401160956826, 49002.044201888006, 23, 0x0090), Mortgage(38370.69128985241, 36982.85730486451, 23, 0x018c), Mortgage(277953.2822505558, 269166.54077801167, 23, 0x01b0), Mortgage(64695.960930687914, 58858.98987923701, 23, 0x00cc), Mortgage(92011.46025399784, 85695.42781262883, 23, 0x00fc), Mortgage(237867.85727343138, 223417.49665255172, 23, 0x0114), Mortgage(36573.39636687208, 33273.687192208425, 23, 0x00cc), Mortgage(339180.59058341576, 318575.528992857, 23, 0x0114), Mortgage(72195.62005417465, 67239.82566586521, 23, 0x00fc), Mortgage(41312.485408849505, 38079.17855850494, 23, 0x00e4), Mortgage(45423.30212398192, 44105.569216557844, 23, 0x01c8), Mortgage(39044.647099273294, 34565.07124410798, 23, 0x00a8), Mortgage(360590.8419846484, 342102.6696097003, 23, 0x0138), Mortgage(237778.58491960095, 229923.19712055335, 23, 0x01a4), Mortgage(335801.7724364541, 315401.97246154887, 23, 0x0114), Mortgage(129240.88410874529, 120903.49784397148, 23, 0x0108), Mortgage(111508.76111607568, 106089.13467928095, 23, 0x0144)];House[House(0x0062, Oeiras, NotSocialNeighbourhood, 1.0, 2), House(0x001d, Oeiras, NotSocialNeighbourhood, 1.0, 5), House(0x001d, Oeiras, NotSocialNeighbourhood, 1.0, 3), House(0x0033, Oeiras, NotSocialNeighbourhood, 1.0, 3), House(0x002f, Oeiras, NotSocialNeighbourhood, 1.0, 1), House(0x002f, Oeiras, NotSocialNeighbourhood, 1.0, 6), House(0x00c6, Oeiras, NotSocialNeighbourhood, 1.0, 90), House(0x0032, Oeiras, NotSocialNeighbourhood, 1.0, 2), House(0x0038, Oeiras, NotSocialNeighbourhood, 1.0, 4), House(0x011e, Oeiras, NotSocialNeighbourhood, 1.0, 94), House(0x004a, Oeiras, NotSocialNeighbourhood, 1.0, 3), House(0x0029, Oeiras, NotSocialNeighbourhood, 1.0, 2), House(0x0022, Oeiras, NotSocialNeighbourhood, 1.0, 9), House(0x0041, Oeiras, NotSocialNeighbourhood, 1.0, 1), House(0x002f, Oeiras, NotSocialNeighbourhood, 1.0, 4), House(0x0035, Oeiras, NotSocialNeighbourhood, 1.0, 5), House(0x0043, Oeiras, NotSocialNeighbourhood, 1.0, 8), House(0x009a, Oeiras, NotSocialNeighbourhood, 1.0, 93), House(0x006f, Oeiras, NotSocialNeighbourhood, 1.0, 1), House(0x0025, Oeiras, NotSocialNeighbourhood, 1.0, 1), House(0x003d, Oeiras, NotSocialNeighbourhood, 1.0, 1), House(0x0029, Oeiras, NotSocialNeighbourhood, 1.0, 2), House(0x0022, Oeiras, NotSocialNeighbourhood, 1.0, 18), House(0x0033, Oeiras, NotSocialNeighbourhood, 1.0, 3), House(0x001c, Oeiras, NotSocialNeighbourhood, 1.0, 1), House(0x0019, Oeiras, NotSocialNeighbourhood, 1.0, 16), House(0x001c, Oeiras, NotSocialNeighbourhood, 1.0, 7), House(0x0022, Oeiras, NotSocialNeighbourhood, 1.0, 4), House(0x002b, Oeiras, NotSocialNeighbourhood, 1.0, 9), House(0x002a, Oeiras, NotSocialNeighbourhood, 1.0, 2), House(0x0037, Oeiras, NotSocialNeighbourhood, 1.0, 8), House(0x0039, Oeiras, NotSocialNeighbourhood, 1.0, 9), House(0x002e, Oeiras, NotSocialNeighbourhood, 1.0, 4), House(0x00ba, Oeiras, NotSocialNeighbourhood, 1.0, 93), House(0x0040, Oeiras, NotSocialNeighbourhood, 1.0, 2), House(0x0118, Oeiras, NotSocialNeighbourhood, 1.0, 82), House(0x0023, Oeiras, NotSocialNeighbourhood, 1.0, 73), House(0x0031, Oeiras, NotSocialNeighbourhood, 1.0, 1), House(0x002c, Oeiras, NotSocialNeighbourhood, 1.0, 6), House(0x003f, Oeiras, NotSocialNeighbourhood, 1.0, 3), House(0x002e, Oeiras, NotSocialNeighbourhood, 1.0, 14), House(0x003f, Oeiras, NotSocialNeighbourhood, 1.0, 2), House(0x0069, Oeiras, NotSocialNeighbourhood, 1.0, 3), House(0x0062, Oeiras, NotSocialNeighbourhood, 1.0, 1), House(0x0032, Oeiras, NotSocialNeighbourhood, 1.0, 3), House(0x0029, Oeiras, NotSocialNeighbourhood, 1.0, 1), House(0x0070, Oeiras, NotSocialNeighbourhood, 1.0, 1), House(0x0017, Oeiras, NotSocialNeighbourhood, 1.0, 13), House(0x0024, Oeiras, NotSocialNeighbourhood, 1.0, 4), House(0x0059, Oeiras, NotSocialNeighbourhood, 1.0, 2), House(0x0057, Oeiras, NotSocialNeighbourhood, 1.0, 1), House(0x003a, Oeiras, NotSocialNeighbourhood, 1.0, 4), House(0x0036, Oeiras, NotSocialNeighbourhood, 1.0, 1), House(0x004a, Oeiras, NotSocialNeighbourhood, 1.0, 5), House(0x0054, Oeiras, NotSocialNeighbourhood, 1.0, 2), House(0x0036, Oeiras, NotSocialNeighbourhood, 1.0, 10), House(0x002c, Oeiras, NotSocialNeighbourhood, 1.0, 4), House(0x003a, Oeiras, NotSocialNeighbourhood, 1.0, 97), House(0x0129, Oeiras, NotSocialNeighbourhood, 1.0, 53), House(0x0032, Oeiras, NotSocialNeighbourhood, 1.0, 9), House(0x0053, Oeiras, NotSocialNeighbourhood, 1.0, 5), House(0x003c, Oeiras, NotSocialNeighbourhood, 1.0, 8), House(0x0030, Oeiras, NotSocialNeighbourhood, 1.0, 2), House(0x006f, Oeiras, NotSocialNeighbourhood, 1.0, 27), House(0x004f, Oeiras, NotSocialNeighbourhood, 1.0, 28), House(0x0065, Oeiras, NotSocialNeighbourhood, 1.0, 98), House(0x006a, Oeiras, NotSocialNeighbourhood, 1.0, 46), House(0x0071, Oeiras, NotSocialNeighbourhood, 1.0, 17), House(0x0027, Oeiras, NotSocialNeighbourhood, 1.0, 2), House(0x001f, Oeiras, NotSocialNeighbourhood, 1.0, 72), House(0x002e, Oeiras, NotSocialNeighbourhood, 1.0, 25), House(0x002d, Oeiras, NotSocialNeighbourhood, 1.0, 80), House(0x001c, Oeiras, NotSocialNeighbourhood, 1.0, 65), House(0x0034, Oeiras, NotSocialNeighbourhood, 1.0, 60), House(0x0035, Oeiras, NotSocialNeighbourhood, 1.0, 32), House(0x0044, Oeiras, NotSocialNeighbourhood, 1.0, 79), House(0x0044, Oeiras, NotSocialNeighbourhood, 1.0, 20), House(0x0095, Oeiras, NotSocialNeighbourhood, 1.0, 66), House(0x0082, Oeiras, NotSocialNeighbourhood, 1.0, 72)];Dict{HouseLocation, Float64}(Oeiras => 5.292657694599399)
14;66;6.852791279662161e9;2.2060497345537862e8;4.532853312515755e9;4.708358877026535e9;2307.0935696663037;Dict{HouseLocation, Int64}(Oeiras => 165);Dict{HouseLocation, Int64}(Oeiras => 6274);Dict{HouseLocation, Int64}(Oeiras => 60);Dict{HouseLocation, Int64}(Oeiras => 5839);1623.175473321971;0.21000000000000002;0.16;0.99;1.0;159;17;85;132;74125;9.164296867772361e6;2.0779622335379098e7;8.939185183793257e7;1.4456574e8;0.0;1.7041172614384575e6;2.4173458745468023e8;1.5234273561675048e8;1.0909301726074095e8;Dict{Any, Any}(Oeiras => Transaction[Transaction(0x0041, 90650.47817936844, Oeiras), Transaction(0x0055, 259676.30700558453, Oeiras), Transaction(0x0033, 58908.686171427296, Oeiras), Transaction(0x001f, 84767.11278177667, Oeiras), Transaction(0x002e, 158058.61027332436, Oeiras), Transaction(0x002f, 99527.02143903288, Oeiras), Transaction(0x0023, 81802.65552832307, Oeiras), Transaction(0x0022, 84461.75057519547, Oeiras), Transaction(0x009a, 463127.73192671733, Oeiras), Transaction(0x0077, 249779.4280485518, Oeiras), Transaction(0x002d, 129918.05458458501, Oeiras), Transaction(0x0032, 60301.81987683168, Oeiras), Transaction(0x0058, 200224.94767249376, Oeiras), Transaction(0x002b, 109029.8276417461, Oeiras), Transaction(0x005e, 342647.4583116295, Oeiras), Transaction(0x001c, 59827.43046628823, Oeiras), Transaction(0x001f, 66773.26650512402, Oeiras), Transaction(0x003c, 195820.99187042742, Oeiras), Transaction(0x006a, 230672.5627519681, Oeiras), Transaction(0x0044, 194389.03598718863, Oeiras), Transaction(0x0033, 83390.22144397242, Oeiras), Transaction(0x0063, 351113.703055959, Oeiras), Transaction(0x0050, 174419.68106553194, Oeiras), Transaction(0x0089, 431038.8158808844, Oeiras), Transaction(0x006d, 292656.21796990564, Oeiras), Transaction(0x0028, 139506.79655717235, Oeiras), Transaction(0x0057, 294216.8782969302, Oeiras), Transaction(0x0058, 303066.1552334007, Oeiras), Transaction(0x0054, 240598.03799777495, Oeiras), Transaction(0x001f, 88381.31661673835, Oeiras), Transaction(0x005e, 193317.19668491508, Oeiras), Transaction(0x0034, 128113.06818132171, Oeiras), Transaction(0x001c, 71845.21219329505, Oeiras), Transaction(0x006d, 307969.3112756184, Oeiras), Transaction(0x001a, 84163.31496922039, Oeiras), Transaction(0x0067, 271136.33217538847, Oeiras), Transaction(0x0060, 204963.8237379636, Oeiras), Transaction(0x0040, 220449.56697812025, Oeiras), Transaction(0x0044, 99915.99811001701, Oeiras), Transaction(0x0067, 279541.1039649254, Oeiras), Transaction(0x0061, 300396.36716374103, Oeiras), Transaction(0x002d, 115770.59345317307, Oeiras), Transaction(0x0036, 139531.99628005765, Oeiras), Transaction(0x004f, 153539.19690874915, Oeiras), Transaction(0x0022, 42441.449334045996, Oeiras), Transaction(0x0118, 552780.593972979, Oeiras), Transaction(0x003a, 184030.76360313935, Oeiras), Transaction(0x002e, 137125.33660844556, Oeiras), Transaction(0x0071, 296084.8284885516, Oeiras), Transaction(0x0026, 111387.60661557442, Oeiras), Transaction(0x0014, 62401.59407319878, Oeiras), Transaction(0x001d, 73172.85903668706, Oeiras), Transaction(0x0059, 313558.0745993795, Oeiras), Transaction(0x0045, 241544.04816924146, Oeiras), Transaction(0x003b, 165676.7861364014, Oeiras), Transaction(0x0023, 95494.49395668396, Oeiras), Transaction(0x0053, 209535.1523000631, Oeiras), Transaction(0x0035, 102174.94264665613, Oeiras), Transaction(0x0022, 56922.90126883847, Oeiras), Transaction(0x0065, 343127.8078932907, Oeiras), Transaction(0x001d, 76087.01781254493, Oeiras), Transaction(0x0014, 56276.89231127391, Oeiras), Transaction(0x0048, 121276.60065172087, Oeiras), Transaction(0x003b, 176951.76550823767, Oeiras), Transaction(0x0022, 65487.069253549664, Oeiras), Transaction(0x002c, 134330.91446148587, Oeiras), Transaction(0x0072, 303812.6594546897, Oeiras), Transaction(0x0040, 184431.12671256796, Oeiras), Transaction(0x0039, 167326.88657499588, Oeiras), Transaction(0x002b, 62131.95729411491, Oeiras), Transaction(0x005a, 306427.426554639, Oeiras), Transaction(0x006f, 213731.83093032052, Oeiras), Transaction(0x0044, 124991.36056302629, Oeiras), Transaction(0x005a, 220946.66832835754, Oeiras), Transaction(0x002a, 133550.85509938802, Oeiras), Transaction(0x0034, 171025.11457595308, Oeiras), Transaction(0x004a, 214540.87550442008, Oeiras), Transaction(0x0058, 140968.27402267198, Oeiras), Transaction(0x0041, 126171.9749295698, Oeiras), Transaction(0x003c, 124855.080446962, Oeiras), Transaction(0x0053, 113776.55274260337, Oeiras), Transaction(0x002e, 86236.30423221271, Oeiras), Transaction(0x0071, 206525.05381392632, Oeiras), Transaction(0x0037, 122756.13255718003, Oeiras), Transaction(0x0076, 368880.1924161127, Oeiras), Transaction(0x0082, 365089.6108218983, Oeiras), Transaction(0x0053, 183166.62809706928, Oeiras), Transaction(0x005a, 327848.41150942934, Oeiras), Transaction(0x003a, 192744.0660370412, Oeiras), Transaction(0x005f, 253985.85003866663, Oeiras), Transaction(0x002c, 131995.44223778983, Oeiras), Transaction(0x0069, 369163.96197369363, Oeiras), Transaction(0x0044, 205861.29558951885, Oeiras), Transaction(0x0040, 130532.43436550014, Oeiras), Transaction(0x0095, 392700.04732922645, Oeiras), Transaction(0x0051, 160810.6255679682, Oeiras), Transaction(0x0050, 256496.43625626544, Oeiras), Transaction(0x0058, 203000.4652974509, Oeiras), Transaction(0x0052, 138284.17094264258, Oeiras), Transaction(0x0029, 130043.02239122953, Oeiras), Transaction(0x0043, 136666.74679259674, Oeiras), Transaction(0x0022, 61973.529929893186, Oeiras), Transaction(0x005a, 261893.04050528572, Oeiras), Transaction(0x0072, 362646.3611807321, Oeiras), Transaction(0x002f, 72939.06920596943, Oeiras), Transaction(0x003c, 93173.27280214027, Oeiras), Transaction(0x002d, 111651.18158906471, Oeiras)]);Dict{Any, Any}(Oeiras => Transaction[Transaction(0x007f, 1810.6268504824252, Oeiras), Transaction(0x0074, 1638.459348982824, Oeiras), Transaction(0x0066, 1526.2933550121631, Oeiras), Transaction(0x008f, 2082.594590120226, Oeiras), Transaction(0x009d, 2137.52356691473, Oeiras), Transaction(0x0083, 1907.9112060415766, Oeiras), Transaction(0x0063, 1579.9994361428035, Oeiras), Transaction(0x005a, 1331.5496375502025, Oeiras), Transaction(0x0052, 1154.1992372414397, Oeiras), Transaction(0x0056, 1258.6597523613173, Oeiras), Transaction(0x005a, 1253.1450495864226, Oeiras), Transaction(0x0026, 528.1465266252259, Oeiras), Transaction(0x0036, 765.4673075916025, Oeiras), Transaction(0x002d, 629.4643875335631, Oeiras), Transaction(0x0067, 1195.8255611911509, Oeiras), Transaction(0x0023, 471.2231837275273, Oeiras), Transaction(0x0041, 813.7739906579518, Oeiras), Transaction(0x0025, 451.3435055235894, Oeiras), Transaction(0x0041, 800.7708306795856, Oeiras), Transaction(0x002a, 478.9347698028837, Oeiras), Transaction(0x0067, 1198.7423288439118, Oeiras), Transaction(0x0042, 768.2253642656178, Oeiras), Transaction(0x001f, 383.17370144373467, Oeiras), Transaction(0x002f, 529.4465695203737, Oeiras), Transaction(0x0030, 518.9659889948899, Oeiras), Transaction(0x0019, 308.5087415578624, Oeiras), Transaction(0x007a, 1181.1487954865377, Oeiras), Transaction(0x0047, 763.4660941064915, Oeiras), Transaction(0x0075, 1253.4846941644946, Oeiras), Transaction(0x0014, 229.0437247564529, Oeiras), Transaction(0x0033, 479.96607987071917, Oeiras), Transaction(0x002e, 449.86666045043887, Oeiras), Transaction(0x0052, 814.3128083436504, Oeiras), Transaction(0x002e, 379.3217683746748, Oeiras), Transaction(0x001b, 232.06728079003827, Oeiras)]);Dict{HouseLocation, Dict{SizeInterval, Int64}}(Oeiras => Dict(LessThan75 => 0, LessThan125 => 2, More => 2, LessThan50 => 4));Dict{HouseLocation, Dict{SizeInterval, Int64}}(Oeiras => Dict(LessThan75 => 20, LessThan125 => 8, More => 4, LessThan50 => 26));Dict{HouseLocation, Dict{SizeInterval, Int64}}(Oeiras => Dict(LessThan75 => 457, LessThan125 => 657, More => 780, LessThan50 => 350));House[House(0x0027, Oeiras, NotSocialNeighbourhood, 1.0, 2), House(0x0070, Oeiras, NotSocialNeighbourhood, 1.0, 1), House(0x002f, Oeiras, NotSocialNeighbourhood, 1.0, 1), House(0x0019, Oeiras, NotSocialNeighbourhood, 1.0, 16), House(0x0032, Oeiras, NotSocialNeighbourhood, 1.0, 3), House(0x0038, Oeiras, NotSocialNeighbourhood, 1.0, 4), House(0x006f, Oeiras, NotSocialNeighbourhood, 1.0, 1), House(0x0030, Oeiras, NotSocialNeighbourhood, 1.0, 2), House(0x0053, Oeiras, NotSocialNeighbourhood, 1.0, 59), House(0x0054, Oeiras, NotSocialNeighbourhood, 1.0, 93), House(0x002c, Oeiras, NotSocialNeighbourhood, 1.0, 73), House(0x0031, Oeiras, NotSocialNeighbourhood, 1.0, 79), House(0x0026, Oeiras, NotSocialNeighbourhood, 1.0, 73), House(0x002b, Oeiras, NotSocialNeighbourhood, 1.0, 47), House(0x0083, Oeiras, NotSocialNeighbourhood, 1.0, 5), House(0x007e, Oeiras, NotSocialNeighbourhood, 1.0, 88)];Mortgage[Mortgage(104489.34690595785, 99120.4314455772, 22, 0x012c), Mortgage(23948.781775270458, 21894.02132184899, 22, 0x00cc), Mortgage(73485.3536465641, 71383.46312139972, 22, 0x01bc), Mortgage(137498.3431927099, 133886.64594700694, 22, 0x01d4), Mortgage(87237.23145578631, 83613.44804954568, 22, 0x015c), Mortgage(68276.80032963696, 66483.35957995211, 22, 0x01d4), Mortgage(70464.52076691324, 66843.88319804908, 22, 0x012c), Mortgage(252467.62896689726, 234907.7595774663, 22, 0x00f0), Mortgage(113007.23110875164, 109140.07447370897, 22, 0x018c), Mortgage(35237.04830357637, 28768.39075080986, 22, 0x006c), Mortgage(173413.33586900472, 166209.84765123116, 22, 0x015c), Mortgage(90468.7834370499, 87512.24826878798, 22, 0x0198), Mortgage(301005.29386369966, 283648.1770720013, 22, 0x0114), Mortgage(52323.02346758942, 50149.55577447162, 22, 0x015c), Mortgage(46457.24409486819, 41795.708922269376, 22, 0x00b4), Mortgage(32754.43202326304, 30865.686165089, 22, 0x0114), Mortgage(191905.31904737317, 168981.79280476336, 22, 0x009c), Mortgage(36880.01519312902, 34314.901192092155, 22, 0x00f0), Mortgage(52025.26695164402, 47875.49941988054, 22, 0x00d8), Mortgage(305795.5613776541, 283049.8777955122, 22, 0x00e4), Mortgage(138876.28562791203, 129217.0297189686, 22, 0x00f0), Mortgage(67165.05389684584, 59830.45304329285, 22, 0x00a8), Mortgage(117494.0975561283, 114133.43154363638, 22, 0x01bc), Mortgage(103324.46947547316, 93756.09125942679, 22, 0x00c0), Mortgage(249040.61297458215, 224051.79585026155, 22, 0x00b4), Mortgage(76844.83217075176, 74444.52951672599, 22, 0x01a4), Mortgage(167802.42845796896, 161488.73168844046, 22, 0x0174), Mortgage(110776.48114771597, 105672.45759542176, 22, 0x0144), Mortgage(62042.45385084066, 60104.513947353866, 22, 0x01a4), Mortgage(12619.284538819222, 10781.570844032922, 22, 0x0084), Mortgage(52114.93261816293, 41185.185679811475, 22, 0x0060), Mortgage(153958.77778754075, 145080.92566452938, 22, 0x0114), Mortgage(178135.18157205786, 167863.2255158408, 22, 0x0114), Mortgage(84350.0865000132, 80015.97496707427, 22, 0x012c), Mortgage(110554.76197016353, 102331.47833928445, 22, 0x00e4), Mortgage(260953.51701929816, 245905.93890540817, 22, 0x0114), Mortgage(100149.77288857652, 95771.11622694184, 22, 0x0150), Mortgage(120852.44891405167, 116716.82551107333, 22, 0x018c), Mortgage(132439.26303589184, 128960.45368864574, 22, 0x01d4), Mortgage(31291.457591737868, 30396.43273349211, 22, 0x01bc), Mortgage(496867.5031853346, 466432.88094456034, 22, 0x0108), Mortgage(160317.4092663378, 141167.1305939842, 22, 0x009c), Mortgage(119430.5380140326, 116293.43152109436, 22, 0x01d4), Mortgage(68428.18293825636, 63966.78822386488, 22, 0x00fc), Mortgage(96985.14862251679, 93336.00703870709, 22, 0x0174), Mortgage(23642.612251001585, 20199.599916939947, 22, 0x0084), Mortgage(35041.11564189932, 31214.533486672408, 22, 0x00a8), Mortgage(273663.04081277584, 253307.43817939828, 22, 0x00e4), Mortgage(144131.17455853763, 137829.60332749638, 22, 0x0150), Mortgage(70153.09612429165, 65579.24016600155, 22, 0x00fc), Mortgage(88887.9792308439, 86345.52972117822, 22, 0x01bc), Mortgage(28716.62653252808, 24534.698651866427, 22, 0x0084), Mortgage(300600.0208637811, 289818.83198662684, 22, 0x0180), Mortgage(30456.129499341965, 28190.741860594535, 22, 0x00e4), Mortgage(32349.94291227949, 31500.200311736513, 22, 0x01d4), Mortgage(104616.56388953867, 101749.98182025888, 22, 0x01c8), Mortgage(150629.01484270612, 146672.4115455459, 22, 0x01d4), Mortgage(56947.146226023484, 55318.29556193985, 22, 0x01bc), Mortgage(116589.99825681369, 106586.79559161793, 22, 0x00cc), Mortgage(264612.6466954852, 257043.97093455834, 22, 0x01bc), Mortgage(66147.03828037916, 50047.608101241494, 22, 0x0054), Mortgage(145263.03258480926, 141108.09589749124, 22, 0x01bc), Mortgage(49884.998480454284, 48394.484869967804, 22, 0x01b0), Mortgage(119984.8718894023, 116552.9626330306, 22, 0x01bc), Mortgage(180421.99431554883, 171649.68964070652, 22, 0x0138), Mortgage(106648.2398812958, 101462.89173777528, 22, 0x0138), Mortgage(189626.1290863438, 178691.56103585716, 22, 0x0114), Mortgage(111970.15993204548, 109029.01672379099, 22, 0x01d4), Mortgage(148257.5788825518, 132067.46063612352, 22, 0x00a8), Mortgage(91956.85668946806, 86654.27253598363, 22, 0x0114), Mortgage(121990.44362189445, 118179.98588101771, 22, 0x01a4), Mortgage(102863.68695166375, 94658.82009905824, 22, 0x00d8), Mortgage(107380.4364518144, 96605.84809381844, 22, 0x00b4), Mortgage(97405.37661060064, 94736.38715365181, 22, 0x01c8), Mortgage(74540.28850065736, 72313.09960772093, 22, 0x01b0), Mortgage(97732.94043520167, 91360.92812745155, 22, 0x00fc), Mortgage(104945.36899626566, 92409.40630295235, 22, 0x009c), Mortgage(320777.93653492135, 301129.3274811434, 22, 0x0108), Mortgage(322287.19819655025, 310160.89191592555, 22, 0x0174), Mortgage(84500.77756793548, 74406.96775737296, 22, 0x009c), Mortgage(118527.98419121842, 113844.62754132063, 22, 0x0168), Mortgage(57043.7465137344, 37003.95166773642, 22, 0x003c), Mortgage(220367.7111979205, 210732.99592283458, 22, 0x0150), Mortgage(114274.05070124462, 110539.555366143, 22, 0x0198), Mortgage(325442.0260950927, 308720.02737371024, 22, 0x012c), Mortgage(178073.66250918346, 170676.58705732977, 22, 0x015c), Mortgage(111157.98940670557, 106298.04158284883, 22, 0x0150), Mortgage(344658.263913477, 329589.4309072235, 22, 0x0150), Mortgage(139835.2280433635, 132650.15568930266, 22, 0x012c), Mortgage(223417.5311963678, 211266.7189859153, 22, 0x0120), Mortgage(108700.3090076308, 100614.96328570534, 22, 0x00e4), Mortgage(99926.12108528333, 95977.77363909496, 22, 0x0168), Mortgage(118960.58824538431, 113479.48216665295, 22, 0x0144), Mortgage(49279.41014072176, 45348.66440564465, 22, 0x00d8), Mortgage(224233.52719633188, 217533.65480193897, 22, 0x01b0), Mortgage(317822.4176272069, 288390.4242878436, 22, 0x00c0), Mortgage(61132.47101588751, 58832.31428804264, 22, 0x0174), Mortgage(81657.02762604509, 78584.61850616756, 22, 0x0174), Mortgage(95758.85406643325, 93243.53656185302, 22, 0x01d4)];House[House(0x0029, Oeiras, NotSocialNeighbourhood, 1.0, 2), House(0x002f, Oeiras, NotSocialNeighbourhood, 1.0, 4), House(0x0043, Oeiras, NotSocialNeighbourhood, 1.0, 8), House(0x0029, Oeiras, NotSocialNeighbourhood, 1.0, 1), House(0x002a, Oeiras, NotSocialNeighbourhood, 1.0, 2), House(0x0036, Oeiras, NotSocialNeighbourhood, 1.0, 10), House(0x0027, Oeiras, NotSocialNeighbourhood, 1.0, 2), House(0x0070, Oeiras, NotSocialNeighbourhood, 1.0, 1), House(0x0025, Oeiras, NotSocialNeighbourhood, 1.0, 1), House(0x0024, Oeiras, NotSocialNeighbourhood, 1.0, 4), House(0x0032, Oeiras, NotSocialNeighbourhood, 1.0, 2), House(0x0054, Oeiras, NotSocialNeighbourhood, 1.0, 2), House(0x0062, Oeiras, NotSocialNeighbourhood, 1.0, 2), House(0x002f, Oeiras, NotSocialNeighbourhood, 1.0, 1), House(0x0029, Oeiras, NotSocialNeighbourhood, 1.0, 2), House(0x0069, Oeiras, NotSocialNeighbourhood, 1.0, 3), House(0x003c, Oeiras, NotSocialNeighbourhood, 1.0, 8), House(0x004a, Oeiras, NotSocialNeighbourhood, 1.0, 5), House(0x0019, Oeiras, NotSocialNeighbourhood, 1.0, 16), House(0x0033, Oeiras, NotSocialNeighbourhood, 1.0, 3), House(0x0039, Oeiras, NotSocialNeighbourhood, 1.0, 9), House(0x0032, Oeiras, NotSocialNeighbourhood, 1.0, 3), House(0x0037, Oeiras, NotSocialNeighbourhood, 1.0, 8), House(0x0038, Oeiras, NotSocialNeighbourhood, 1.0, 4), House(0x002c, Oeiras, NotSocialNeighbourhood, 1.0, 6), House(0x003a, Oeiras, NotSocialNeighbourhood, 1.0, 4), House(0x0035, Oeiras, NotSocialNeighbourhood, 1.0, 5), House(0x002f, Oeiras, NotSocialNeighbourhood, 1.0, 6), House(0x001d, Oeiras, NotSocialNeighbourhood, 1.0, 5), House(0x00ba, Oeiras, NotSocialNeighbourhood, 1.0, 93), House(0x004a, Oeiras, NotSocialNeighbourhood, 1.0, 3), House(0x006f, Oeiras, NotSocialNeighbourhood, 1.0, 1), House(0x002e, Oeiras, NotSocialNeighbourhood, 1.0, 14), House(0x0059, Oeiras, NotSocialNeighbourhood, 1.0, 2), House(0x0036, Oeiras, NotSocialNeighbourhood, 1.0, 1), House(0x002c, Oeiras, NotSocialNeighbourhood, 1.0, 4), House(0x0030, Oeiras, NotSocialNeighbourhood, 1.0, 2), House(0x001c, Oeiras, NotSocialNeighbourhood, 1.0, 1), House(0x001c, Oeiras, NotSocialNeighbourhood, 1.0, 7), House(0x0062, Oeiras, NotSocialNeighbourhood, 1.0, 1), House(0x0034, Oeiras, NotSocialNeighbourhood, 1.0, 22), House(0x003f, Oeiras, NotSocialNeighbourhood, 1.0, 2), House(0x0057, Oeiras, NotSocialNeighbourhood, 1.0, 1), House(0x0040, Oeiras, NotSocialNeighbourhood, 1.0, 2), House(0x003a, Oeiras, NotSocialNeighbourhood, 1.0, 20), House(0x0028, Oeiras, NotSocialNeighbourhood, 1.0, 7), House(0x001d, Oeiras, NotSocialNeighbourhood, 1.0, 3), House(0x00c6, Oeiras, NotSocialNeighbourhood, 1.0, 90), House(0x011e, Oeiras, NotSocialNeighbourhood, 1.0, 94), House(0x003d, Oeiras, NotSocialNeighbourhood, 1.0, 1), House(0x002e, Oeiras, NotSocialNeighbourhood, 1.0, 4), House(0x003f, Oeiras, NotSocialNeighbourhood, 1.0, 3), House(0x0129, Oeiras, NotSocialNeighbourhood, 1.0, 53), House(0x0030, Oeiras, NotSocialNeighbourhood, 1.0, 48), House(0x0031, Oeiras, NotSocialNeighbourhood, 1.0, 1), House(0x0022, Oeiras, NotSocialNeighbourhood, 1.0, 4), House(0x002f, Oeiras, NotSocialNeighbourhood, 1.0, 6), House(0x0017, Oeiras, NotSocialNeighbourhood, 1.0, 13), House(0x0053, Oeiras, NotSocialNeighbourhood, 1.0, 59), House(0x0054, Oeiras, NotSocialNeighbourhood, 1.0, 93), House(0x002c, Oeiras, NotSocialNeighbourhood, 1.0, 73), House(0x0031, Oeiras, NotSocialNeighbourhood, 1.0, 79), House(0x0026, Oeiras, NotSocialNeighbourhood, 1.0, 73), House(0x002b, Oeiras, NotSocialNeighbourhood, 1.0, 47), House(0x0083, Oeiras, NotSocialNeighbourhood, 1.0, 5), House(0x007e, Oeiras, NotSocialNeighbourhood, 1.0, 88)];Dict{HouseLocation, Float64}(Oeiras => 5.305633244728008)
15;64;6.819702405299967e9;2.1363339635731325e8;4.5451091827438e9;4.69789892085219e9;2317.3168980314313;Dict{HouseLocation, Int64}(Oeiras => 154);Dict{HouseLocation, Int64}(Oeiras => 6346);Dict{HouseLocation, Int64}(Oeiras => 56);Dict{HouseLocation, Int64}(Oeiras => 5932);1678.8447027406096;0.21000000000000002;0.16;0.99;1.0;177;2;97;146;74216;9.176982762958238e6;2.0895790472591728e7;8.947603724668753e7;1.4456574e8;0.0;1.8369899419280223e6;2.4201276975364056e8;1.5253673250695464e8;1.0970289998110726e8;Dict{Any, Any}(Oeiras => Transaction[Transaction(0x0034, 89553.90476564168, Oeiras), Transaction(0x002b, 94075.03832157706, Oeiras), Transaction(0x001b, 50064.44202829938, Oeiras), Transaction(0x0031, 144406.7689254845, Oeiras), Transaction(0x002e, 89622.36916833669, Oeiras), Transaction(0x003b, 107182.3288088062, Oeiras), Transaction(0x0034, 157759.08131913014, Oeiras), Transaction(0x0042, 188345.4090497141, Oeiras), Transaction(0x003d, 193527.7754189014, Oeiras), Transaction(0x004c, 116215.85672924743, Oeiras), Transaction(0x0028, 77781.47135797406, Oeiras), Transaction(0x002c, 153088.07686945962, Oeiras), Transaction(0x0057, 93961.16779635375, Oeiras), Transaction(0x0036, 74658.31872732453, Oeiras), Transaction(0x001f, 93436.16943405104, Oeiras), Transaction(0x0031, 141737.5333915461, Oeiras), Transaction(0x0048, 163983.02331636898, Oeiras), Transaction(0x0051, 242800.57519693632, Oeiras), Transaction(0x0042, 225182.7641063251, Oeiras), Transaction(0x0049, 169588.14901826414, Oeiras), Transaction(0x0024, 92058.08000253382, Oeiras), Transaction(0x0035, 179013.79590109855, Oeiras), Transaction(0x0051, 132612.67318011945, Oeiras), Transaction(0x0055, 282103.8705503293, Oeiras), Transaction(0x0069, 128110.70184068319, Oeiras), Transaction(0x004a, 86850.36713943777, Oeiras), Transaction(0x005b, 312989.4525868256, Oeiras), Transaction(0x002f, 58301.45842673062, Oeiras), Transaction(0x003d, 126471.61231952769, Oeiras), Transaction(0x0084, 284690.15859444253, Oeiras), Transaction(0x0044, 177900.2479448669, Oeiras), Transaction(0x002c, 121680.85051772754, Oeiras), Transaction(0x0051, 247483.74679466395, Oeiras), Transaction(0x003c, 153197.39900461174, Oeiras), Transaction(0x002e, 87727.73831405838, Oeiras), Transaction(0x002f, 108056.02575362989, Oeiras), Transaction(0x0055, 293611.7720873253, Oeiras), Transaction(0x0022, 121474.01217164169, Oeiras), Transaction(0x00ba, 558663.2035915724, Oeiras), Transaction(0x0037, 71719.43652329566, Oeiras), Transaction(0x004a, 86321.03909436024, Oeiras), Transaction(0x002c, 65748.22995395272, Oeiras), Transaction(0x0028, 53791.8420250674, Oeiras), Transaction(0x003d, 151494.01901728503, Oeiras), Transaction(0x0052, 128449.56789661327, Oeiras), Transaction(0x002c, 128796.21177332141, Oeiras), Transaction(0x0046, 193117.90996978802, Oeiras), Transaction(0x0021, 112485.9733213006, Oeiras), Transaction(0x0015, 30471.592024975856, Oeiras), Transaction(0x0046, 179288.61253621278, Oeiras), Transaction(0x002a, 72089.57552485852, Oeiras), Transaction(0x003e, 122206.0061956237, Oeiras), Transaction(0x0026, 104578.13103929805, Oeiras), Transaction(0x0028, 99313.33495257703, Oeiras), Transaction(0x003e, 105520.79390442022, Oeiras), Transaction(0x0050, 181242.43477116257, Oeiras), Transaction(0x005a, 282864.43521845667, Oeiras), Transaction(0x0094, 439933.3835420906, Oeiras), Transaction(0x0029, 75844.2364442857, Oeiras), Transaction(0x0059, 237787.48168485594, Oeiras), Transaction(0x0014, 57521.85913753663, Oeiras), Transaction(0x0048, 156264.27914164966, Oeiras), Transaction(0x0050, 269607.75901259074, Oeiras), Transaction(0x0072, 388789.01652545546, Oeiras), Transaction(0x0043, 93099.1362132675, Oeiras), Transaction(0x002e, 67429.33985514512, Oeiras), Transaction(0x0048, 233789.38291272867, Oeiras), Transaction(0x002c, 168316.55334374442, Oeiras), Transaction(0x004a, 200858.36332952086, Oeiras), Transaction(0x0045, 171904.59095569467, Oeiras), Transaction(0x0049, 177778.57120106358, Oeiras), Transaction(0x0028, 129124.5915024392, Oeiras), Transaction(0x00c6, 626903.3580662578, Oeiras), Transaction(0x0054, 277065.3258420812, Oeiras), Transaction(0x0029, 120496.87340017378, Oeiras), Transaction(0x0043, 161109.55488119792, Oeiras), Transaction(0x001f, 85015.7355750792, Oeiras), Transaction(0x0040, 93957.85084587253, Oeiras), Transaction(0x0058, 306086.969289789, Oeiras), Transaction(0x002c, 110803.0353083611, Oeiras), Transaction(0x0025, 88396.43651175131, Oeiras), Transaction(0x0041, 162319.59300098257, Oeiras), Transaction(0x0042, 189096.50978731283, Oeiras), Transaction(0x00d5, 490480.8869550286, Oeiras), Transaction(0x003a, 91275.11445024103, Oeiras), Transaction(0x0041, 134125.69018326086, Oeiras), Transaction(0x002d, 123370.29013488667, Oeiras), Transaction(0x006d, 261363.8992245505, Oeiras), Transaction(0x003c, 127826.93828562764, Oeiras), Transaction(0x0072, 376674.39175316255, Oeiras), Transaction(0x003b, 133549.66497671124, Oeiras), Transaction(0x0051, 239113.63799478288, Oeiras), Transaction(0x0035, 181707.64353274583, Oeiras), Transaction(0x003b, 149459.95185277, Oeiras), Transaction(0x0022, 122619.78824284344, Oeiras), Transaction(0x0050, 120534.01316824609, Oeiras), Transaction(0x0030, 111809.24663493726, Oeiras), Transaction(0x0040, 96930.88645835825, Oeiras), Transaction(0x007e, 403058.8312218862, Oeiras), Transaction(0x0053, 206617.13352848703, Oeiras), Transaction(0x006c, 303959.0044080659, Oeiras), Transaction(0x003a, 173173.839653883, Oeiras), Transaction(0x002e, 146373.54914383477, Oeiras), Transaction(0x0047, 112048.8125748644, Oeiras)]);Dict{Any, Any}(Oeiras => Transaction[Transaction(0x006a, 1573.2064371484441, Oeiras), Transaction(0x0058, 1378.4904922610529, Oeiras), Transaction(0x0053, 1241.2447190983955, Oeiras), Transaction(0x0084, 1812.1536421651676, Oeiras), Transaction(0x0063, 1473.8062745167858, Oeiras), Transaction(0x008b, 1878.2844917909274, Oeiras), Transaction(0x004b, 1052.3300995749416, Oeiras), Transaction(0x0073, 1490.306548662681, Oeiras), Transaction(0x0054, 1113.6726665283547, Oeiras), Transaction(0x0041, 945.0331646340518, Oeiras), Transaction(0x006e, 1490.0729860960214, Oeiras), Transaction(0x0057, 1073.902660852733, Oeiras), Transaction(0x0056, 1067.6118461206493, Oeiras), Transaction(0x0047, 944.11552008327, Oeiras), Transaction(0x0061, 1197.6361306036863, Oeiras), Transaction(0x0075, 1323.8006792617323, Oeiras), Transaction(0x0037, 717.5825127804496, Oeiras), Transaction(0x003c, 739.629972459846, Oeiras), Transaction(0x002f, 572.5592159149766, Oeiras), Transaction(0x0049, 848.5904472896133, Oeiras), Transaction(0x0042, 738.3933179325239, Oeiras), Transaction(0x005f, 1073.6516627832812, Oeiras), Transaction(0x0057, 926.4447440829952, Oeiras), Transaction(0x0061, 992.1537835642247, Oeiras), Transaction(0x003e, 686.1295877378831, Oeiras), Transaction(0x0035, 563.027824909496, Oeiras), Transaction(0x0021, 365.0689129839105, Oeiras), Transaction(0x0051, 795.4225073377595, Oeiras), Transaction(0x003c, 482.4191979369219, Oeiras), Transaction(0x003d, 559.9588781700069, Oeiras), Transaction(0x005c, 723.7487032442605, Oeiras)]);Dict{HouseLocation, Dict{SizeInterval, Int64}}(Oeiras => Dict(LessThan75 => 5, LessThan125 => 2, More => 2, LessThan50 => 5));Dict{HouseLocation, Dict{SizeInterval, Int64}}(Oeiras => Dict(LessThan75 => 16, LessThan125 => 7, More => 4, LessThan50 => 23));Dict{HouseLocation, Dict{SizeInterval, Int64}}(Oeiras => Dict(LessThan75 => 420, LessThan125 => 684, More => 715, LessThan50 => 365));House[House(0x0070, Oeiras, NotSocialNeighbourhood, 1.0, 1), House(0x0027, Oeiras, NotSocialNeighbourhood, 1.0, 2), House(0x0083, Oeiras, NotSocialNeighbourhood, 1.0, 5), House(0x002f, Oeiras, NotSocialNeighbourhood, 1.0, 1), House(0x0030, Oeiras, NotSocialNeighbourhood, 1.0, 2), House(0x006f, Oeiras, NotSocialNeighbourhood, 1.0, 1), House(0x0032, Oeiras, NotSocialNeighbourhood, 1.0, 3), House(0x0038, Oeiras, NotSocialNeighbourhood, 1.0, 4), House(0x0019, Oeiras, NotSocialNeighbourhood, 1.0, 16), House(0x0019, Oeiras, NotSocialNeighbourhood, 1.0, 62), House(0x0022, Oeiras, NotSocialNeighbourhood, 1.0, 32), House(0x002d, Oeiras, NotSocialNeighbourhood, 1.0, 29), House(0x001d, Oeiras, NotSocialNeighbourhood, 1.0, 77), House(0x0028, Oeiras, NotSocialNeighbourhood, 1.0, 98), House(0x008e, Oeiras, NotSocialNeighbourhood, 1.0, 27), House(0x0087, Oeiras, NotSocialNeighbourhood, 1.0, 60), House(0x0039, Oeiras, NotSocialNeighbourhood, 1.0, 31), House(0x0036, Oeiras, NotSocialNeighbourhood, 1.0, 55), House(0x0042, Oeiras, NotSocialNeighbourhood, 1.0, 70), House(0x0038, Oeiras, NotSocialNeighbourhood, 1.0, 90), House(0x0047, Oeiras, NotSocialNeighbourhood, 1.0, 81), House(0x0073, Oeiras, NotSocialNeighbourhood, 1.0, 93), House(0x007a, Oeiras, NotSocialNeighbourhood, 1.0, 12)];Mortgage[Mortgage(78179.37844687124, 76073.54993749181, 21, 0x01bc), Mortgage(82573.83381432341, 78560.52894989077, 21, 0x012c), Mortgage(45665.19382018341, 37693.0795055714, 21, 0x006c), Mortgage(88833.20979648785, 85827.19205685936, 21, 0x0180), Mortgage(136314.55536588692, 132301.78535895247, 21, 0x01a4), Mortgage(100313.86500250538, 95438.34810099071, 21, 0x012c), Mortgage(63341.76193851097, 61198.34664953628, 21, 0x0180), Mortgage(128925.12510469086, 119835.22998277673, 21, 0x00e4), Mortgage(60292.440241393524, 58737.25345976154, 21, 0x01c8), Mortgage(72831.79689438803, 64568.834637917666, 21, 0x009c), Mortgage(5821.537078133988, 3874.2536646382687, 21, 0x003c), Mortgage(142469.5958249196, 137154.4158420844, 21, 0x0168), Mortgage(127628.67043541602, 116414.2788728717, 21, 0x00c0), Mortgage(44091.25107819261, 42903.61547172944, 21, 0x01bc), Mortgage(146555.3017557158, 142430.01646930468, 21, 0x01b0), Mortgage(64654.01843255873, 60904.05423594859, 21, 0x0108), Mortgage(152304.9291176275, 142898.93416627625, 21, 0x00fc), Mortgage(86079.81316210376, 76313.82800820337, 21, 0x009c), Mortgage(104787.60689625374, 99694.65440679275, 21, 0x012c), Mortgage(74772.91023472988, 72571.77704894675, 21, 0x01a4), Mortgage(273784.1615362167, 259694.65956039607, 21, 0x0120), Mortgage(44569.2029409602, 41816.713574548085, 21, 0x00fc), Mortgage(86206.16293728515, 81500.7897156743, 21, 0x0114), Mortgage(249210.7494970277, 239432.8478871903, 21, 0x015c), Mortgage(154520.79621680244, 144337.05383231005, 21, 0x00f0), Mortgage(105408.01986086227, 99983.5040825801, 21, 0x0120), Mortgage(215026.9907988266, 204576.11516069475, 21, 0x012c), Mortgage(125082.63974755586, 103246.02810921408, 21, 0x006c), Mortgage(72914.96315854168, 69739.43770037558, 21, 0x0144), Mortgage(87555.19804815669, 84729.37981559895, 21, 0x018c), Mortgage(145743.39834656822, 139396.11581687865, 21, 0x0144), Mortgage(92023.41010244376, 87550.83104990426, 21, 0x012c), Mortgage(439307.28225403675, 416699.6164687688, 21, 0x0120), Mortgage(58518.909327114, 55124.78441235319, 21, 0x0108), Mortgage(75614.24135627008, 73577.50701114687, 21, 0x01bc), Mortgage(24068.661437662748, 22109.92078127847, 21, 0x00cc), Mortgage(36864.520204079934, 35418.123320410785, 21, 0x015c), Mortgage(127760.48387347061, 121550.98931900159, 21, 0x012c), Mortgage(111104.80445538671, 108112.10139993615, 21, 0x01bc), Mortgage(108654.54346320222, 99107.3579343642, 21, 0x00c0), Mortgage(167002.2206297836, 162086.080161615, 21, 0x01a4), Mortgage(86911.1651444177, 82915.49340415817, 21, 0x0138), Mortgage(155161.25533950035, 131163.16165070803, 21, 0x0078), Mortgage(53014.44060566467, 51453.82401101116, 21, 0x01a4), Mortgage(95576.73745496373, 85666.95305986881, 21, 0x00a8), Mortgage(88970.3866533428, 84114.13437843802, 21, 0x0114), Mortgage(86794.34661779636, 84456.46656308447, 21, 0x01bc), Mortgage(91717.82902447144, 89017.87851351782, 21, 0x01a4), Mortgage(156608.47680239825, 143863.46431212078, 21, 0x00cc), Mortgage(244289.16984282457, 229202.44407811353, 21, 0x00fc), Mortgage(28976.939876145916, 27840.015936729294, 21, 0x015c), Mortgage(65048.76865465737, 62621.963755974306, 21, 0x0168), Mortgage(205223.27996396774, 196285.58429899244, 21, 0x0144), Mortgage(41166.337601026724, 39837.70617817704, 21, 0x018c), Mortgage(135219.19984629384, 127376.4211542501, 21, 0x0108), Mortgage(235433.62415948932, 225180.23535092358, 21, 0x0144), Mortgage(345051.3506192482, 331513.09770076105, 21, 0x015c), Mortgage(74736.1908380587, 67618.44143829937, 21, 0x00b4), Mortgage(58349.22497050711, 55346.45258259157, 21, 0x0120), Mortgage(20276.825107227312, 16736.948142536432, 21, 0x006c), Mortgage(144703.8031714707, 140806.08231223942, 21, 0x01bc), Mortgage(174988.57032958724, 169067.15031281603, 21, 0x0180), Mortgage(148641.85712280765, 118986.86966091582, 21, 0x0060), Mortgage(112450.31447528297, 105505.64698250937, 21, 0x00fc), Mortgage(356468.678768348, 337011.6223553414, 21, 0x0114), Mortgage(242586.31698329988, 236052.04679034938, 21, 0x01bc), Mortgage(97903.60346094129, 94062.30927992506, 21, 0x015c), Mortgage(140177.42852984119, 132963.6067179633, 21, 0x0120), Mortgage(64502.93362052928, 62765.49186472119, 21, 0x01bc), Mortgage(82016.54448760464, 77795.80264803249, 21, 0x0120), Mortgage(84624.15106888048, 80938.67782094613, 21, 0x0144), Mortgage(74413.47061759063, 72011.79776769965, 21, 0x018c), Mortgage(20886.31739731523, 15154.094542546096, 21, 0x0048), Mortgage(124683.71668369288, 119253.60605349293, 21, 0x0144), Mortgage(74021.05357649544, 70423.43626037356, 21, 0x012c), Mortgage(105154.9516467756, 76295.31087547948, 21, 0x0048), Mortgage(105526.62415330269, 102420.17619403079, 21, 0x01a4), Mortgage(109018.70051351436, 102285.96144476738, 21, 0x00fc), Mortgage(333215.1033485395, 320141.2511891538, 21, 0x015c), Mortgage(115587.84171085911, 111052.69807912051, 21, 0x015c), Mortgage(205441.42416340436, 169575.97870320198, 21, 0x006c), Mortgage(158086.65272304325, 152984.45256191638, 21, 0x018c), Mortgage(122719.5144007953, 117374.94690309021, 21, 0x0144), Mortgage(81166.5891921513, 73436.41944407328, 21, 0x00b4), Mortgage(102819.71159150671, 99501.23567963908, 21, 0x018c), Mortgage(85861.31480836924, 73977.93066532114, 21, 0x0084), Mortgage(83893.55751885439, 77978.62326045119, 21, 0x00e4), Mortgage(119083.2640952777, 114640.56895078017, 21, 0x0168), Mortgage(177106.68890545648, 168498.8393812826, 21, 0x012c), Mortgage(267715.32661945786, 260809.8615971112, 21, 0x01c8), Mortgage(150885.45689519265, 143552.02800909698, 21, 0x012c), Mortgage(124394.85822897509, 119977.24845968776, 21, 0x0174), Mortgage(97416.77888521353, 94272.68103531236, 21, 0x018c)];House[House(0x0070, Oeiras, NotSocialNeighbourhood, 1.0, 1), House(0x0062, Oeiras, NotSocialNeighbourhood, 1.0, 2), House(0x0035, Oeiras, NotSocialNeighbourhood, 1.0, 5), House(0x0032, Oeiras, NotSocialNeighbourhood, 1.0, 8), House(0x0027, Oeiras, NotSocialNeighbourhood, 1.0, 2), House(0x003b, Oeiras, NotSocialNeighbourhood, 1.0, 7), House(0x0083, Oeiras, NotSocialNeighbourhood, 1.0, 5), House(0x002c, Oeiras, NotSocialNeighbourhood, 1.0, 6), House(0x0059, Oeiras, NotSocialNeighbourhood, 1.0, 2), House(0x001d, Oeiras, NotSocialNeighbourhood, 1.0, 5), House(0x001c, Oeiras, NotSocialNeighbourhood, 1.0, 7), House(0x003f, Oeiras, NotSocialNeighbourhood, 1.0, 2), House(0x0031, Oeiras, NotSocialNeighbourhood, 1.0, 1), House(0x0034, Oeiras, NotSocialNeighbourhood, 1.0, 2), House(0x0024, Oeiras, NotSocialNeighbourhood, 1.0, 4), House(0x002f, Oeiras, NotSocialNeighbourhood, 1.0, 1), House(0x0032, Oeiras, NotSocialNeighbourhood, 1.0, 2), House(0x0040, Oeiras, NotSocialNeighbourhood, 1.0, 2), House(0x0054, Oeiras, NotSocialNeighbourhood, 1.0, 3), House(0x0029, Oeiras, NotSocialNeighbourhood, 1.0, 1), House(0x002f, Oeiras, NotSocialNeighbourhood, 1.0, 6), House(0x0033, Oeiras, NotSocialNeighbourhood, 1.0, 3), House(0x002e, Oeiras, NotSocialNeighbourhood, 1.0, 4), House(0x0030, Oeiras, NotSocialNeighbourhood, 1.0, 2), House(0x0105, Oeiras, NotSocialNeighbourhood, 1.0, 77), House(0x003c, Oeiras, NotSocialNeighbourhood, 1.0, 8), House(0x0062, Oeiras, NotSocialNeighbourhood, 1.0, 1), House(0x003a, Oeiras, NotSocialNeighbourhood, 1.0, 4), House(0x0029, Oeiras, NotSocialNeighbourhood, 1.0, 2), House(0x006f, Oeiras, NotSocialNeighbourhood, 1.0, 1), House(0x0031, Oeiras, NotSocialNeighbourhood, 1.0, 7), House(0x001d, Oeiras, NotSocialNeighbourhood, 1.0, 3), House(0x002f, Oeiras, NotSocialNeighbourhood, 1.0, 4), House(0x003f, Oeiras, NotSocialNeighbourhood, 1.0, 3), House(0x0017, Oeiras, NotSocialNeighbourhood, 1.0, 13), House(0x0025, Oeiras, NotSocialNeighbourhood, 1.0, 1), House(0x0036, Oeiras, NotSocialNeighbourhood, 1.0, 1), House(0x002c, Oeiras, NotSocialNeighbourhood, 1.0, 4), House(0x011e, Oeiras, NotSocialNeighbourhood, 1.0, 94), House(0x0039, Oeiras, NotSocialNeighbourhood, 1.0, 9), House(0x003d, Oeiras, NotSocialNeighbourhood, 1.0, 1), House(0x0129, Oeiras, NotSocialNeighbourhood, 1.0, 53), House(0x0054, Oeiras, NotSocialNeighbourhood, 1.0, 2), House(0x002a, Oeiras, NotSocialNeighbourhood, 1.0, 2), House(0x0032, Oeiras, NotSocialNeighbourhood, 1.0, 3), House(0x0038, Oeiras, NotSocialNeighbourhood, 1.0, 4), House(0x0022, Oeiras, NotSocialNeighbourhood, 1.0, 4), House(0x0029, Oeiras, NotSocialNeighbourhood, 1.0, 2), House(0x0019, Oeiras, NotSocialNeighbourhood, 1.0, 16), House(0x001c, Oeiras, NotSocialNeighbourhood, 1.0, 1), House(0x0019, Oeiras, NotSocialNeighbourhood, 1.0, 62), House(0x0022, Oeiras, NotSocialNeighbourhood, 1.0, 32), House(0x002d, Oeiras, NotSocialNeighbourhood, 1.0, 29), House(0x001d, Oeiras, NotSocialNeighbourhood, 1.0, 77), House(0x0028, Oeiras, NotSocialNeighbourhood, 1.0, 98), House(0x008e, Oeiras, NotSocialNeighbourhood, 1.0, 27), House(0x0087, Oeiras, NotSocialNeighbourhood, 1.0, 60), House(0x0039, Oeiras, NotSocialNeighbourhood, 1.0, 31), House(0x0036, Oeiras, NotSocialNeighbourhood, 1.0, 55), House(0x0042, Oeiras, NotSocialNeighbourhood, 1.0, 70), House(0x0038, Oeiras, NotSocialNeighbourhood, 1.0, 90), House(0x0047, Oeiras, NotSocialNeighbourhood, 1.0, 81), House(0x0073, Oeiras, NotSocialNeighbourhood, 1.0, 93), House(0x007a, Oeiras, NotSocialNeighbourhood, 1.0, 12)];Dict{HouseLocation, Float64}(Oeiras => 5.316442878430438)
16;66;6.787800345662249e9;2.068344973303512e8;4.558311393734161e9;4.690806939949919e9;2328.531804661995;Dict{HouseLocation, Int64}(Oeiras => 125);Dict{HouseLocation, Int64}(Oeiras => 6346);Dict{HouseLocation, Int64}(Oeiras => 68);Dict{HouseLocation, Int64}(Oeiras => 5977);1732.787047718955;0.21000000000000002;0.16;0.99;1.0;169;18;95;119;74305;9.185736822875714e6;2.1108604877462324e7;8.953242783278835e7;1.4456574e8;0.0;1.841790731314155e6;2.4218370461666048e8;1.5265127678387532e8;1.1082017560667638e8;Dict{Any, Any}(Oeiras => Transaction[Transaction(0x0073, 392150.6833798241, Oeiras), Transaction(0x0055, 299628.9935826116, Oeiras), Transaction(0x003e, 168018.4065514155, Oeiras), Transaction(0x004b, 152621.7984529156, Oeiras), Transaction(0x0031, 143848.06471714436, Oeiras), Transaction(0x0062, 116840.83288805009, Oeiras), Transaction(0x0023, 124545.14893482029, Oeiras), Transaction(0x007a, 216893.92284379914, Oeiras), Transaction(0x0019, 77917.83477654874, Oeiras), Transaction(0x0040, 229361.0451027237, Oeiras), Transaction(0x0039, 108402.12515194186, Oeiras), Transaction(0x008d, 368969.30527513975, Oeiras), Transaction(0x001d, 86990.48276319916, Oeiras), Transaction(0x0061, 196059.5956854522, Oeiras), Transaction(0x004a, 160632.43032862747, Oeiras), Transaction(0x0028, 138268.16893549694, Oeiras), Transaction(0x0039, 77043.39274046823, Oeiras), Transaction(0x0056, 243371.90439465502, Oeiras), Transaction(0x003a, 117943.0013979642, Oeiras), Transaction(0x0042, 194612.02687695585, Oeiras), Transaction(0x0033, 98684.2723729237, Oeiras), Transaction(0x0027, 114473.08431444436, Oeiras), Transaction(0x004f, 223341.62875717573, Oeiras), Transaction(0x0025, 97819.84977593605, Oeiras), Transaction(0x0036, 155593.85196102885, Oeiras), Transaction(0x0031, 66282.87809935753, Oeiras), Transaction(0x0038, 183100.45030523685, Oeiras), Transaction(0x0019, 64073.68433483133, Oeiras), Transaction(0x0033, 146973.20710534358, Oeiras), Transaction(0x0019, 78700.35469118593, Oeiras), Transaction(0x0042, 181118.97774481663, Oeiras), Transaction(0x0053, 283006.00159005885, Oeiras), Transaction(0x0058, 227441.0963482243, Oeiras), Transaction(0x003d, 244548.14483615351, Oeiras), Transaction(0x0052, 253757.11146447583, Oeiras), Transaction(0x008f, 513309.40122059325, Oeiras), Transaction(0x0022, 65824.34797827691, Oeiras), Transaction(0x0038, 181420.7795271795, Oeiras), Transaction(0x002a, 153938.17200366323, Oeiras), Transaction(0x0094, 439071.59036360064, Oeiras), Transaction(0x0017, 62745.681200790954, Oeiras), Transaction(0x0036, 103061.85010461605, Oeiras), Transaction(0x003d, 128290.84841464515, Oeiras), Transaction(0x0035, 86425.25052079369, Oeiras), Transaction(0x0047, 121456.16224899869, Oeiras), Transaction(0x004d, 140285.9247361684, Oeiras), Transaction(0x003e, 128136.21331635637, Oeiras), Transaction(0x008e, 277146.8023463852, Oeiras), Transaction(0x004c, 277336.93228508916, Oeiras), Transaction(0x0047, 209722.12287851228, Oeiras), Transaction(0x0039, 178684.6957443353, Oeiras), Transaction(0x0047, 214910.20038489485, Oeiras), Transaction(0x004d, 204890.01912818386, Oeiras), Transaction(0x0039, 109655.42799127683, Oeiras), Transaction(0x0087, 353111.1033419351, Oeiras), Transaction(0x0039, 76660.02023809121, Oeiras), Transaction(0x0036, 130533.56405998804, Oeiras), Transaction(0x0039, 89332.32562947902, Oeiras), Transaction(0x0052, 298994.890558059, Oeiras), Transaction(0x004f, 220404.200699157, Oeiras), Transaction(0x0048, 121617.62573781062, Oeiras), Transaction(0x0032, 78289.72801317813, Oeiras), Transaction(0x003e, 113123.08582055871, Oeiras), Transaction(0x001a, 50046.1811714578, Oeiras), Transaction(0x001d, 83957.75411033328, Oeiras), Transaction(0x0019, 40244.301589163835, Oeiras), Transaction(0x002a, 57941.019927300265, Oeiras), Transaction(0x0060, 293045.1861669917, Oeiras), Transaction(0x002d, 86381.98578385176, Oeiras), Transaction(0x0051, 275791.07006426045, Oeiras), Transaction(0x0019, 89064.8580988925, Oeiras), Transaction(0x0063, 313221.1065108217, Oeiras), Transaction(0x007a, 333436.86958683014, Oeiras)]);Dict{Any, Any}(Oeiras => Transaction[Transaction(0x0095, 2313.025480032913, Oeiras), Transaction(0x007d, 1942.741043813449, Oeiras), Transaction(0x008c, 1938.2080675595553, Oeiras), Transaction(0x0072, 1772.953264701338, Oeiras), Transaction(0x004c, 1168.2041961890316, Oeiras), Transaction(0x0080, 1709.7779691425903, Oeiras), Transaction(0x0065, 1483.398063949849, Oeiras), Transaction(0x0045, 1065.4792203299348, Oeiras), Transaction(0x0039, 802.560452340848, Oeiras), Transaction(0x0051, 1085.138264014854, Oeiras), Transaction(0x002d, 628.9016719184032, Oeiras), Transaction(0x0052, 1056.6491123573762, Oeiras), Transaction(0x0044, 1005.38139, Oeiras), Transaction(0x003e, 868.4198146951121, Oeiras), Transaction(0x003b, 746.8565751990808, Oeiras), Transaction(0x003d, 799.4840292460916, Oeiras), Transaction(0x0037, 684.0015093227861, Oeiras), Transaction(0x006d, 1298.6944352634316, Oeiras), Transaction(0x0036, 712.7438124974246, Oeiras), Transaction(0x004e, 924.6233962238223, Oeiras), Transaction(0x0048, 825.7278539205481, Oeiras), Transaction(0x0063, 1182.6011379019408, Oeiras), Transaction(0x0017, 323.00941027643347, Oeiras), Transaction(0x005f, 1048.7810014271504, Oeiras), Transaction(0x004c, 853.8238753890058, Oeiras), Transaction(0x0083, 1420.9316879432383, Oeiras), Transaction(0x001b, 353.68761804942955, Oeiras), Transaction(0x003e, 694.3996962990155, Oeiras), Transaction(0x0045, 793.4161931288179, Oeiras), Transaction(0x0038, 658.3712108143735, Oeiras), Transaction(0x0033, 567.384251562025, Oeiras), Transaction(0x0048, 767.8914845176436, Oeiras), Transaction(0x0039, 641.7697223618812, Oeiras), Transaction(0x00ba, 1936.5954458183387, Oeiras), Transaction(0x004e, 810.5737708333334, Oeiras), Transaction(0x005e, 900.6684806659617, Oeiras), Transaction(0x001b, 274.62399937845305, Oeiras), Transaction(0x0028, 400.53806296178135, Oeiras)]);Dict{HouseLocation, Dict{SizeInterval, Int64}}(Oeiras => Dict(LessThan75 => 1, LessThan125 => 3, More => 7, LessThan50 => 3));Dict{HouseLocation, Dict{SizeInterval, Int64}}(Oeiras => Dict(LessThan75 => 17, LessThan125 => 6, More => 5, LessThan50 => 24));Dict{HouseLocation, Dict{SizeInterval, Int64}}(Oeiras => Dict(LessThan75 => 479, LessThan125 => 712, More => 754, LessThan50 => 358));House[House(0x0030, Oeiras, NotSocialNeighbourhood, 1.0, 2), House(0x0027, Oeiras, NotSocialNeighbourhood, 1.0, 2), House(0x0070, Oeiras, NotSocialNeighbourhood, 1.0, 1), House(0x0083, Oeiras, NotSocialNeighbourhood, 1.0, 5), House(0x006f, Oeiras, NotSocialNeighbourhood, 1.0, 1), House(0x0032, Oeiras, NotSocialNeighbourhood, 1.0, 3), House(0x0038, Oeiras, NotSocialNeighbourhood, 1.0, 4), House(0x002f, Oeiras, NotSocialNeighbourhood, 1.0, 1), House(0x0084, Oeiras, NotSocialNeighbourhood, 1.0, 87), House(0x0089, Oeiras, NotSocialNeighbourhood, 1.0, 54), House(0x008c, Oeiras, NotSocialNeighbourhood, 1.0, 18), House(0x008d, Oeiras, NotSocialNeighbourhood, 1.0, 85), House(0x0089, Oeiras, NotSocialNeighbourhood, 1.0, 97), House(0x00a1, Oeiras, NotSocialNeighbourhood, 1.0, 48), House(0x008b, Oeiras, NotSocialNeighbourhood, 1.0, 12), House(0x003f, Oeiras, NotSocialNeighbourhood, 1.0, 81), House(0x005f, Oeiras, NotSocialNeighbourhood, 1.0, 98), House(0x004c, Oeiras, NotSocialNeighbourhood, 1.0, 96), House(0x0073, Oeiras, NotSocialNeighbourhood, 1.0, 52), House(0x0031, Oeiras, NotSocialNeighbourhood, 1.0, 98), House(0x002a, Oeiras, NotSocialNeighbourhood, 1.0, 7), House(0x002f, Oeiras, NotSocialNeighbourhood, 1.0, 46)];Mortgage[Mortgage(346742.744442764, 337980.07418503193, 20, 0x01bc), Mortgage(142606.37294007727, 132408.9521011322, 20, 0x00d8), Mortgage(132323.49985311815, 128827.47822116944, 20, 0x01b0), Mortgage(90628.90421240372, 87281.52367745395, 20, 0x015c), Mortgage(100114.87059402237, 97584.82890469798, 20, 0x01bc), Mortgage(51689.87816882542, 49321.08431875709, 20, 0x012c), Mortgage(97493.5223378271, 93268.99342569013, 20, 0x0138), Mortgage(84455.16983281389, 77954.54479435962, 20, 0x00cc), Mortgage(324794.2232566279, 308065.2330198487, 20, 0x0114), Mortgage(74234.45691669296, 72085.84314971526, 20, 0x0198), Mortgage(169602.72188386263, 160867.09152049708, 20, 0x0114), Mortgage(139418.81292835, 134524.43033846072, 20, 0x0168), Mortgage(111664.65538561238, 108842.7346092747, 20, 0x01bc), Mortgage(55046.62797579341, 49131.19808652233, 20, 0x009c), Mortgage(100245.31531089978, 97474.31756224253, 20, 0x01a4), Mortgage(167533.5524454079, 157762.60851427182, 20, 0x00fc), Mortgage(83726.73892613513, 81786.79113868438, 20, 0x01d4), Mortgage(53695.5737242866, 48424.07269458249, 20, 0x00a8), Mortgage(13267.116136552882, 10350.557385562905, 20, 0x0054), Mortgage(83244.98659024497, 79204.06959028797, 20, 0x0120), Mortgage(130449.35292438391, 118690.12113649314, 20, 0x00b4), Mortgage(38515.65355674567, 36531.84982448263, 20, 0x0114), Mortgage(145283.6302231661, 134894.76549116825, 20, 0x00d8), Mortgage(27994.76030035125, 25667.368332195136, 20, 0x00c0), Mortgage(25622.429581346834, 19989.757005939795, 20, 0x0054), Mortgage(42209.94544812036, 39748.163886816146, 20, 0x00fc), Mortgage(104153.20628538271, 100306.30536120072, 20, 0x015c), Mortgage(67095.96767347358, 57256.01747300709, 20, 0x0078), Mortgage(201674.02178073028, 196345.74113874193, 20, 0x01b0), Mortgage(215158.07477217034, 204713.77106527585, 20, 0x0120), Mortgage(276645.93547825917, 255352.13548334365, 20, 0x00cc), Mortgage(53966.7531711138, 51187.11849085994, 20, 0x0114), Mortgage(77740.21111853201, 74868.87474144004, 20, 0x015c), Mortgage(103374.51133530145, 97345.4709465413, 20, 0x00fc), Mortgage(225844.80370740136, 215495.00600920073, 20, 0x012c), Mortgage(39046.93954575513, 37035.7711700143, 20, 0x0114), Mortgage(89566.20270711445, 86973.8327459738, 20, 0x0198), Mortgage(109563.13173424707, 106534.56934776687, 20, 0x01a4), Mortgage(55577.73719952532, 51874.35194240822, 20, 0x00e4), Mortgage(103913.84801845337, 100075.7877970313, 20, 0x015c), Mortgage(110994.60880498885, 105277.67299124239, 20, 0x0114), Mortgage(107283.5406250043, 104178.36680234567, 20, 0x0198), Mortgage(232984.07112437254, 213614.5444691873, 20, 0x00c0), Mortgage(161936.16451281655, 151853.49940673268, 20, 0x00f0), Mortgage(113013.05210541672, 108376.0125132012, 20, 0x0144), Mortgage(155545.86475051852, 150350.1625745589, 20, 0x0174), Mortgage(179399.92584481183, 170159.67650218273, 20, 0x0114), Mortgage(170910.80756014114, 162107.8023762265, 20, 0x0114), Mortgage(94270.63632672686, 91121.71204592082, 20, 0x0174), Mortgage(208195.08821167855, 199652.63361057785, 20, 0x0144), Mortgage(67101.05908486112, 64490.497478704674, 20, 0x0150), Mortgage(108043.49037277827, 103092.17757031732, 20, 0x012c), Mortgage(78139.07541545936, 75395.95544283403, 20, 0x0168), Mortgage(257969.1356322402, 250502.57550239665, 20, 0x0198), Mortgage(66963.88353494578, 65112.856682057994, 20, 0x01a4), Mortgage(102057.65118991461, 95703.21441813353, 20, 0x00f0), Mortgage(57338.265209360776, 51176.57101861837, 20, 0x009c), Mortgage(79778.34583014584, 75669.24821407034, 20, 0x0114), Mortgage(15436.936295154548, 13778.049679987369, 20, 0x009c), Mortgage(39600.29900240141, 33792.722427851666, 20, 0x0078), Mortgage(35076.94052627874, 34264.208129946805, 20, 0x01d4), Mortgage(42662.834258843475, 40912.33510950758, 20, 0x0144), Mortgage(257655.27927368315, 246490.72033114434, 20, 0x0138), Mortgage(74962.27319682519, 71323.41953699445, 20, 0x0120), Mortgage(241074.98291818064, 228658.0716962609, 20, 0x0114), Mortgage(75117.15938884142, 73040.75832305143, 20, 0x01a4), Mortgage(276206.2883585162, 264873.2655715318, 20, 0x0144), Mortgage(82098.4784723653, 71328.16919202117, 20, 0x0084)];House[House(0x0129, Oeiras, NotSocialNeighbourhood, 1.0, 53), House(0x0030, Oeiras, NotSocialNeighbourhood, 1.0, 2), House(0x001d, Oeiras, NotSocialNeighbourhood, 1.0, 5), House(0x0027, Oeiras, NotSocialNeighbourhood, 1.0, 2), House(0x0016, Oeiras, NotSocialNeighbourhood, 1.0, 34), House(0x0029, Oeiras, NotSocialNeighbourhood, 1.0, 1), House(0x0070, Oeiras, NotSocialNeighbourhood, 1.0, 1), House(0x0040, Oeiras, NotSocialNeighbourhood, 1.0, 2), House(0x002e, Oeiras, NotSocialNeighbourhood, 1.0, 4), House(0x0025, Oeiras, NotSocialNeighbourhood, 1.0, 1), House(0x011e, Oeiras, NotSocialNeighbourhood, 1.0, 94), House(0x003a, Oeiras, NotSocialNeighbourhood, 1.0, 4), House(0x0031, Oeiras, NotSocialNeighbourhood, 1.0, 1), House(0x003f, Oeiras, NotSocialNeighbourhood, 1.0, 3), House(0x0083, Oeiras, NotSocialNeighbourhood, 1.0, 5), House(0x0035, Oeiras, NotSocialNeighbourhood, 1.0, 5), House(0x0029, Oeiras, NotSocialNeighbourhood, 1.0, 2), House(0x0032, Oeiras, NotSocialNeighbourhood, 1.0, 2), House(0x0033, Oeiras, NotSocialNeighbourhood, 1.0, 33), House(0x0033, Oeiras, NotSocialNeighbourhood, 1.0, 3), House(0x0062, Oeiras, NotSocialNeighbourhood, 1.0, 1), House(0x006f, Oeiras, NotSocialNeighbourhood, 1.0, 1), House(0x0036, Oeiras, NotSocialNeighbourhood, 1.0, 1), House(0x0032, Oeiras, NotSocialNeighbourhood, 1.0, 3), House(0x002a, Oeiras, NotSocialNeighbourhood, 1.0, 2), House(0x0038, Oeiras, NotSocialNeighbourhood, 1.0, 4), House(0x0028, Oeiras, NotSocialNeighbourhood, 1.0, 1), House(0x0054, Oeiras, NotSocialNeighbourhood, 1.0, 2), House(0x0017, Oeiras, NotSocialNeighbourhood, 1.0, 13), House(0x0015, Oeiras, NotSocialNeighbourhood, 1.0, 14), House(0x0105, Oeiras, NotSocialNeighbourhood, 1.0, 77), House(0x001c, Oeiras, NotSocialNeighbourhood, 1.0, 7), House(0x0034, Oeiras, NotSocialNeighbourhood, 1.0, 2), House(0x0029, Oeiras, NotSocialNeighbourhood, 1.0, 2), House(0x0024, Oeiras, NotSocialNeighbourhood, 1.0, 4), House(0x0054, Oeiras, NotSocialNeighbourhood, 1.0, 3), House(0x0032, Oeiras, NotSocialNeighbourhood, 1.0, 8), House(0x003f, Oeiras, NotSocialNeighbourhood, 1.0, 2), House(0x002c, Oeiras, NotSocialNeighbourhood, 1.0, 6), House(0x0059, Oeiras, NotSocialNeighbourhood, 1.0, 2), House(0x003c, Oeiras, NotSocialNeighbourhood, 1.0, 8), House(0x001d, Oeiras, NotSocialNeighbourhood, 1.0, 3), House(0x003d, Oeiras, NotSocialNeighbourhood, 1.0, 1), House(0x001c, Oeiras, NotSocialNeighbourhood, 1.0, 1), House(0x002c, Oeiras, NotSocialNeighbourhood, 1.0, 4), House(0x002f, Oeiras, NotSocialNeighbourhood, 1.0, 1), House(0x003b, Oeiras, NotSocialNeighbourhood, 1.0, 7), House(0x0022, Oeiras, NotSocialNeighbourhood, 1.0, 4), House(0x002f, Oeiras, NotSocialNeighbourhood, 1.0, 6), House(0x002f, Oeiras, NotSocialNeighbourhood, 1.0, 4), House(0x0047, Oeiras, NotSocialNeighbourhood, 1.0, 6), House(0x00ff, Oeiras, NotSocialNeighbourhood, 1.0, 80), House(0x0084, Oeiras, NotSocialNeighbourhood, 1.0, 87), House(0x0089, Oeiras, NotSocialNeighbourhood, 1.0, 54), House(0x008c, Oeiras, NotSocialNeighbourhood, 1.0, 18), House(0x008d, Oeiras, NotSocialNeighbourhood, 1.0, 85), House(0x0089, Oeiras, NotSocialNeighbourhood, 1.0, 97), House(0x00a1, Oeiras, NotSocialNeighbourhood, 1.0, 48), House(0x008b, Oeiras, NotSocialNeighbourhood, 1.0, 12), House(0x003f, Oeiras, NotSocialNeighbourhood, 1.0, 81), House(0x005f, Oeiras, NotSocialNeighbourhood, 1.0, 98), House(0x004c, Oeiras, NotSocialNeighbourhood, 1.0, 96), House(0x0073, Oeiras, NotSocialNeighbourhood, 1.0, 52), House(0x0031, Oeiras, NotSocialNeighbourhood, 1.0, 98), House(0x002a, Oeiras, NotSocialNeighbourhood, 1.0, 7), House(0x002f, Oeiras, NotSocialNeighbourhood, 1.0, 46)];Dict{HouseLocation, Float64}(Oeiras => 5.331875029546668)
17;66;6.75668444097758e9;2.0138243300246444e8;4.572272085999973e9;4.680072853436498e9;2340.8754789440795;Dict{HouseLocation, Int64}(Oeiras => 147);Dict{HouseLocation, Int64}(Oeiras => 6440);Dict{HouseLocation, Int64}(Oeiras => 58);Dict{HouseLocation, Int64}(Oeiras => 6067);1778.8218079094474;0.21000000000000002;0.16;0.99;1.0;166;12;111;124;74377;9.19825488239339e6;2.129025677275261e7;8.958633631139939e7;1.4456574e8;0.0;1.7890988427662733e6;2.4237889579165998e8;1.5279255948026362e8;1.1177384805695263e8;Dict{Any, Any}(Oeiras => Transaction[Transaction(0x0076, 234252.62097009108, Oeiras), Transaction(0x005e, 298312.8578878029, Oeiras), Transaction(0x001c, 99199.2776287868, Oeiras), Transaction(0x002a, 118714.94939491499, Oeiras), Transaction(0x0041, 206775.24773862713, Oeiras), Transaction(0x0038, 146190.60655867693, Oeiras), Transaction(0x0059, 274549.9985075216, Oeiras), Transaction(0x0022, 77319.05602689534, Oeiras), Transaction(0x005c, 205707.06092107034, Oeiras), Transaction(0x0051, 227467.85028145727, Oeiras), Transaction(0x0129, 586192.430836503, Oeiras), Transaction(0x003f, 71287.24744427588, Oeiras), Transaction(0x0083, 215147.97831148942, Oeiras), Transaction(0x0038, 82846.41125507752, Oeiras), Transaction(0x0047, 174408.89694632223, Oeiras), Transaction(0x005f, 336502.51134634396, Oeiras), Transaction(0x0020, 114403.3400957395, Oeiras), Transaction(0x003d, 196325.8750577944, Oeiras), Transaction(0x001e, 80692.62320081069, Oeiras), Transaction(0x0019, 66205.02983961915, Oeiras), Transaction(0x0051, 211434.54469163265, Oeiras), Transaction(0x0038, 147898.09746625734, Oeiras), Transaction(0x0089, 345878.6212138485, Oeiras), Transaction(0x0054, 107014.22834782951, Oeiras), Transaction(0x003b, 84122.76593219119, Oeiras), Transaction(0x003c, 116767.80827789502, Oeiras), Transaction(0x0032, 102927.21712848594, Oeiras), Transaction(0x006a, 367138.352769489, Oeiras), Transaction(0x0053, 300110.63937529665, Oeiras), Transaction(0x003b, 126551.68995704848, Oeiras), Transaction(0x0090, 458560.82804487034, Oeiras), Transaction(0x005e, 205279.48560597587, Oeiras), Transaction(0x005c, 255266.06433090614, Oeiras), Transaction(0x0032, 137271.9482145767, Oeiras), Transaction(0x0073, 281536.1781594149, Oeiras), Transaction(0x003c, 82690.77825529913, Oeiras), Transaction(0x003f, 61371.300773893, Oeiras), Transaction(0x008b, 249463.6019177398, Oeiras), Transaction(0x0031, 169184.193841109, Oeiras), Transaction(0x0052, 283062.15962424, Oeiras), Transaction(0x0032, 181206.4254864025, Oeiras), Transaction(0x0031, 154234.72975460425, Oeiras), Transaction(0x005b, 329286.94480960025, Oeiras), Transaction(0x0027, 81977.2323063995, Oeiras), Transaction(0x0028, 91096.8169667352, Oeiras), Transaction(0x0027, 101154.20407089661, Oeiras), Transaction(0x0021, 84681.10027916374, Oeiras), Transaction(0x0051, 209492.3674830915, Oeiras), Transaction(0x0049, 240784.83978009928, Oeiras), Transaction(0x002e, 121692.04009725816, Oeiras), Transaction(0x0045, 158425.36670833646, Oeiras), Transaction(0x00a1, 368533.92905752664, Oeiras), Transaction(0x002f, 50742.460060035184, Oeiras), Transaction(0x004c, 263112.5239424075, Oeiras), Transaction(0x0089, 481751.6493301122, Oeiras), Transaction(0x0052, 219478.72299131128, Oeiras), Transaction(0x0055, 271265.7737195346, Oeiras), Transaction(0x0032, 119729.66866365494, Oeiras), Transaction(0x003f, 95705.14104592144, Oeiras), Transaction(0x0043, 233158.80065430602, Oeiras), Transaction(0x0030, 125129.87667998933, Oeiras), Transaction(0x0055, 137865.15253467066, Oeiras), Transaction(0x0040, 170722.22998749794, Oeiras), Transaction(0x0033, 106522.03140730594, Oeiras), Transaction(0x006a, 349017.59043043706, Oeiras), Transaction(0x002e, 134650.37919244298, Oeiras), Transaction(0x004e, 280051.72900040133, Oeiras), Transaction(0x002b, 143660.62646283652, Oeiras), Transaction(0x002f, 94637.29538669501, Oeiras), Transaction(0x0052, 260685.47129185047, Oeiras), Transaction(0x0034, 118323.85346383436, Oeiras), Transaction(0x0049, 228011.12373297123, Oeiras), Transaction(0x003f, 190083.98967386858, Oeiras), Transaction(0x008c, 259792.42697148406, Oeiras), Transaction(0x008d, 450403.41846479865, Oeiras), Transaction(0x002f, 101547.40308013643, Oeiras), Transaction(0x0027, 66454.06310306065, Oeiras), Transaction(0x005e, 322435.3727751077, Oeiras), Transaction(0x0050, 179391.95178440795, Oeiras), Transaction(0x0067, 335049.0870678756, Oeiras), Transaction(0x002b, 127433.71596951323, Oeiras), Transaction(0x0058, 133545.75340587454, Oeiras), Transaction(0x00a3, 334068.88946493855, Oeiras), Transaction(0x0022, 81912.77140526313, Oeiras), Transaction(0x0041, 171126.02669717846, Oeiras), Transaction(0x0044, 205889.62251467627, Oeiras), Transaction(0x0084, 430865.2451770366, Oeiras), Transaction(0x006f, 150584.43313703767, Oeiras), Transaction(0x0028, 87367.60418743671, Oeiras), Transaction(0x0047, 94621.17629138342, Oeiras), Transaction(0x004f, 224753.0380789366, Oeiras), Transaction(0x003e, 134880.59738411606, Oeiras), Transaction(0x003d, 186331.67716633595, Oeiras), Transaction(0x0021, 102539.05882741802, Oeiras), Transaction(0x0028, 119236.4263454341, Oeiras), Transaction(0x004d, 221778.32384414563, Oeiras), Transaction(0x003c, 85177.57831975188, Oeiras), Transaction(0x002f, 87046.91468954156, Oeiras), Transaction(0x003f, 97984.62695214206, Oeiras)]);Dict{Any, Any}(Oeiras => Transaction[Transaction(0x00b9, 3038.150756544963, Oeiras), Transaction(0x0059, 1382.9048267421208, Oeiras), Transaction(0x0063, 1613.2769612967522, Oeiras), Transaction(0x005a, 1467.0348488441505, Oeiras), Transaction(0x0075, 1572.177035012567, Oeiras), Transaction(0x0070, 1553.2181953664438, Oeiras), Transaction(0x0030, 720.8558055149133, Oeiras), Transaction(0x0041, 981.3487986717294, Oeiras), Transaction(0x0050, 1104.3361841764731, Oeiras), Transaction(0x0042, 986.92673751118, Oeiras), Transaction(0x0041, 941.2394041002408, Oeiras), Transaction(0x0051, 1055.9708390053893, Oeiras), Transaction(0x0030, 630.7009682185709, Oeiras), Transaction(0x006f, 1449.0288762297432, Oeiras), Transaction(0x0034, 652.7388627858079, Oeiras), Transaction(0x0049, 912.2223520463726, Oeiras), Transaction(0x0054, 1000.3226558292944, Oeiras), Transaction(0x0030, 665.2699623196853, Oeiras), Transaction(0x004a, 923.458445227516, Oeiras), Transaction(0x0032, 577.1676363887086, Oeiras), Transaction(0x0047, 839.8935812357241, Oeiras), Transaction(0x0065, 1106.6042932471785, Oeiras), Transaction(0x0034, 565.195539474346, Oeiras), Transaction(0x0033, 558.4094708321448, Oeiras), Transaction(0x003e, 648.0037884344182, Oeiras), Transaction(0x003f, 684.7566382551021, Oeiras), Transaction(0x004b, 817.1768294377725, Oeiras), Transaction(0x0041, 708.5149786286129, Oeiras), Transaction(0x0016, 262.93154976605035, Oeiras), Transaction(0x003e, 649.531, Oeiras), Transaction(0x0038, 477.24219721699933, Oeiras), Transaction(0x0036, 525.9621743446387, Oeiras), Transaction(0x0060, 985.9264698867883, Oeiras), Transaction(0x002c, 397.50257227005636, Oeiras), Transaction(0x003f, 419.1317395970341, Oeiras), Transaction(0x0039, 585.4856533850472, Oeiras)]);Dict{HouseLocation, Dict{SizeInterval, Int64}}(Oeiras => Dict(LessThan75 => 4, LessThan125 => 3, More => 5, LessThan50 => 6));Dict{HouseLocation, Dict{SizeInterval, Int64}}(Oeiras => Dict(LessThan75 => 13, LessThan125 => 4, More => 4, LessThan50 => 27));Dict{HouseLocation, Dict{SizeInterval, Int64}}(Oeiras => Dict(LessThan75 => 516, LessThan125 => 738, More => 785, LessThan50 => 334));House[House(0x0070, Oeiras, NotSocialNeighbourhood, 1.0, 1), House(0x002f, Oeiras, NotSocialNeighbourhood, 1.0, 1), House(0x002a, Oeiras, NotSocialNeighbourhood, 1.0, 7), House(0x0030, Oeiras, NotSocialNeighbourhood, 1.0, 2), House(0x0032, Oeiras, NotSocialNeighbourhood, 1.0, 3), House(0x0027, Oeiras, NotSocialNeighbourhood, 1.0, 2), House(0x003e, Oeiras, NotSocialNeighbourhood, 1.0, 21), House(0x0045, Oeiras, NotSocialNeighbourhood, 1.0, 94), House(0x003f, Oeiras, NotSocialNeighbourhood, 1.0, 52), House(0x0032, Oeiras, NotSocialNeighbourhood, 1.0, 50), House(0x0023, Oeiras, NotSocialNeighbourhood, 1.0, 80), House(0x0031, Oeiras, NotSocialNeighbourhood, 1.0, 86), House(0x0020, Oeiras, NotSocialNeighbourhood, 1.0, 62), House(0x0019, Oeiras, NotSocialNeighbourhood, 1.0, 42), House(0x001a, Oeiras, NotSocialNeighbourhood, 1.0, 44), House(0x002b, Oeiras, NotSocialNeighbourhood, 1.0, 86), House(0x0054, Oeiras, NotSocialNeighbourhood, 1.0, 41), House(0x0057, Oeiras, NotSocialNeighbourhood, 1.0, 72), House(0x0077, Oeiras, NotSocialNeighbourhood, 1.0, 81), House(0x008d, Oeiras, NotSocialNeighbourhood, 1.0, 24), House(0x0097, Oeiras, NotSocialNeighbourhood, 1.0, 35), House(0x0086, Oeiras, NotSocialNeighbourhood, 1.0, 19), House(0x0091, Oeiras, NotSocialNeighbourhood, 1.0, 47), House(0x0085, Oeiras, NotSocialNeighbourhood, 1.0, 84)];Mortgage[Mortgage(18457.152301840222, 12902.39505083735, 19, 0x003c), Mortgage(262373.577409914, 256179.08437416353, 19, 0x01bc), Mortgage(64432.36344111015, 61950.76681088915, 19, 0x0144), Mortgage(102793.05273733987, 99232.50142229586, 19, 0x015c), Mortgage(61515.909452773485, 57654.59919759773, 19, 0x00e4), Mortgage(126103.41581342518, 114417.1631019545, 19, 0x00a8), Mortgage(240348.3799343685, 230567.98954237442, 19, 0x0138), Mortgage(66385.26787886783, 64817.94893001799, 19, 0x01bc), Mortgage(22121.8427486227, 20733.27027967108, 19, 0x00e4), Mortgage(295692.48353972455, 287297.15853131533, 19, 0x018c), Mortgage(61994.52110620228, 60391.99512704691, 19, 0x01a4), Mortgage(185854.8747416492, 179738.93212958408, 19, 0x0168), Mortgage(71133.71947754135, 69294.9499956152, 19, 0x01a4), Mortgage(151760.2942289071, 145226.1560189749, 19, 0x012c), Mortgage(191400.51024125016, 180179.3466872519, 19, 0x00f0), Mortgage(80829.247663468, 77716.12907038248, 19, 0x0144), Mortgage(169134.1171633785, 161851.93770283117, 19, 0x012c), Mortgage(36778.23583506513, 33045.95367266418, 19, 0x009c), Mortgage(26112.951304623137, 24988.641195970653, 19, 0x012c), Mortgage(184097.07508945747, 161271.94304269957, 19, 0x0084), Mortgage(124672.44212009854, 117828.90107790715, 19, 0x00fc), Mortgage(301506.9516030985, 290501.2506017681, 19, 0x0150), Mortgage(85705.06771616491, 80680.46991839833, 19, 0x00f0), Mortgage(64936.24508708159, 61791.07619594273, 19, 0x0114), Mortgage(100902.32522064252, 97581.92358290662, 19, 0x0168), Mortgage(89194.36256817252, 84298.29034413306, 19, 0x00fc), Mortgage(252021.43983235405, 246571.50125300555, 19, 0x01d4), Mortgage(110148.25100822937, 106701.00270302575, 19, 0x0174), Mortgage(92355.26362219756, 89967.92831215022, 19, 0x01a4), Mortgage(79311.13235156961, 76563.94906367188, 19, 0x015c), Mortgage(220497.3327758748, 214236.95459520264, 19, 0x018c), Mortgage(115692.5481090293, 112701.95618846598, 19, 0x01a4), Mortgage(241254.24182383754, 234404.53179562712, 19, 0x018c), Mortgage(46169.70699598091, 38938.498656080585, 19, 0x006c), Mortgage(42234.93935266978, 40416.486558935794, 19, 0x012c), Mortgage(214141.35247771651, 206723.91273966237, 19, 0x015c), Mortgage(141700.6895170452, 134837.45620375042, 19, 0x0114), Mortgage(148503.32401724005, 143616.51215043885, 19, 0x0168), Mortgage(152653.57946506017, 139669.25155764856, 19, 0x00b4), Mortgage(131000.03257895767, 121493.63172669613, 19, 0x00cc), Mortgage(162993.04433903834, 156715.40732591043, 19, 0x0144), Mortgage(70204.19870855067, 63079.82548573943, 19, 0x009c), Mortgage(59801.84649013252, 56295.86680673953, 19, 0x00f0), Mortgage(72161.6223748143, 67931.0308995407, 19, 0x00f0), Mortgage(68979.54158723741, 65638.53675959057, 19, 0x0114), Mortgage(181103.4554813479, 175143.86823828917, 19, 0x0168), Mortgage(70817.52791936044, 65264.49722763789, 19, 0x00c0), Mortgage(95299.85642212018, 92594.09515845604, 19, 0x018c), Mortgage(137278.20893028768, 130629.177228812, 19, 0x0114), Mortgage(325303.20676329173, 307446.6074316087, 19, 0x00fc), Mortgage(43113.56855145309, 41999.10533075265, 19, 0x01a4), Mortgage(86201.0592249429, 82025.93500126891, 19, 0x0114), Mortgage(228843.08228453714, 220916.40323504, 19, 0x015c), Mortgage(91610.54961275125, 85860.22001755002, 19, 0x00e4), Mortgage(99052.56002661539, 74610.9398309629, 19, 0x0048), Mortgage(101428.78340900822, 96800.86424722632, 19, 0x0120), Mortgage(80001.8956097937, 76746.4138321466, 19, 0x0138), Mortgage(195550.60598994594, 188777.11353326918, 19, 0x015c), Mortgage(105565.00772646684, 101499.19741853532, 19, 0x0144), Mortgage(112801.3209381809, 98815.73727688927, 19, 0x0084), Mortgage(146938.76498873654, 139821.8269532037, 19, 0x0114), Mortgage(92128.8873362909, 87925.29710551823, 19, 0x0120), Mortgage(144229.41031143433, 139483.24049661026, 19, 0x0168), Mortgage(114221.5440688912, 109303.66117145657, 19, 0x012c), Mortgage(108419.76895368012, 101113.53986141032, 19, 0x00d8), Mortgage(78676.44629865409, 76642.7012693921, 19, 0x01a4), Mortgage(127858.71512267253, 123651.25720568412, 19, 0x0168), Mortgage(99292.5362142653, 96185.03315315524, 19, 0x0174), Mortgage(197561.5230054955, 191378.5503380197, 19, 0x0174), Mortgage(34730.93185483839, 31206.41159163999, 19, 0x009c), Mortgage(131626.1140711725, 128223.64779559671, 19, 0x01a4), Mortgage(133492.43439186318, 127401.5381559911, 19, 0x0120), Mortgage(86705.02936901232, 84657.97224575724, 19, 0x01bc), Mortgage(43153.607768914466, 40444.886241293, 19, 0x00e4), Mortgage(41375.91987718729, 33964.76830251092, 19, 0x0060), Mortgage(156114.8837845284, 149762.16982061314, 19, 0x0138), Mortgage(185360.91375758895, 180783.45860567698, 19, 0x01b0), Mortgage(87344.46921632603, 80495.50777188288, 19, 0x00c0), Mortgage(114936.82395954692, 110955.6360407306, 19, 0x015c), Mortgage(283605.9266955056, 272682.9141842305, 19, 0x0144), Mortgage(58536.11319956031, 52595.825793422555, 19, 0x009c), Mortgage(149029.95433103948, 142965.54426987484, 19, 0x0138), Mortgage(91648.74988643329, 85896.02248699195, 19, 0x00e4), Mortgage(291550.0641103769, 278997.1864048398, 19, 0x012c), Mortgage(130424.10488119004, 127203.30455862216, 19, 0x01b0), Mortgage(63734.786978142285, 59998.23231661328, 19, 0x00f0), Mortgage(82522.40734772623, 80574.09958497385, 19, 0x01bc), Mortgage(194978.40403262418, 189169.0682702307, 19, 0x0180), Mortgage(111928.1767931344, 103805.78098672871, 19, 0x00cc), Mortgage(161359.61948135737, 156309.6375733936, 19, 0x0174), Mortgage(70223.14797552123, 67518.52070325243, 19, 0x0144), Mortgage(85783.37485784599, 83565.91943861912, 19, 0x01a4), Mortgage(108692.53291161, 105606.52568932092, 19, 0x018c), Mortgage(71985.76952287175, 69732.8710908489, 19, 0x0174), Mortgage(83609.0809325813, 81235.24511612536, 19, 0x018c)];House[House(0x002a, Oeiras, NotSocialNeighbourhood, 1.0, 2), House(0x0016, Oeiras, NotSocialNeighbourhood, 1.0, 34), House(0x011e, Oeiras, NotSocialNeighbourhood, 1.0, 94), House(0x0028, Oeiras, NotSocialNeighbourhood, 1.0, 1), House(0x0059, Oeiras, NotSocialNeighbourhood, 1.0, 2), House(0x0032, Oeiras, NotSocialNeighbourhood, 1.0, 8), House(0x001c, Oeiras, NotSocialNeighbourhood, 1.0, 1), House(0x002f, Oeiras, NotSocialNeighbourhood, 1.0, 4), House(0x001d, Oeiras, NotSocialNeighbourhood, 1.0, 3), House(0x002c, Oeiras, NotSocialNeighbourhood, 1.0, 4), House(0x0033, Oeiras, NotSocialNeighbourhood, 1.0, 3), House(0x0029, Oeiras, NotSocialNeighbourhood, 1.0, 1), House(0x0032, Oeiras, NotSocialNeighbourhood, 1.0, 2), House(0x0070, Oeiras, NotSocialNeighbourhood, 1.0, 1), House(0x0034, Oeiras, NotSocialNeighbourhood, 1.0, 2), House(0x001c, Oeiras, NotSocialNeighbourhood, 1.0, 7), House(0x0024, Oeiras, NotSocialNeighbourhood, 1.0, 4), House(0x002f, Oeiras, NotSocialNeighbourhood, 1.0, 1), House(0x0022, Oeiras, NotSocialNeighbourhood, 1.0, 4), House(0x0025, Oeiras, NotSocialNeighbourhood, 1.0, 1), House(0x0044, Oeiras, NotSocialNeighbourhood, 1.0, 5), House(0x0025, Oeiras, NotSocialNeighbourhood, 1.0, 3), House(0x003a, Oeiras, NotSocialNeighbourhood, 1.0, 4), House(0x003d, Oeiras, NotSocialNeighbourhood, 1.0, 1), House(0x002e, Oeiras, NotSocialNeighbourhood, 1.0, 4), House(0x002a, Oeiras, NotSocialNeighbourhood, 1.0, 7), House(0x0015, Oeiras, NotSocialNeighbourhood, 1.0, 35), House(0x0030, Oeiras, NotSocialNeighbourhood, 1.0, 2), House(0x0029, Oeiras, NotSocialNeighbourhood, 1.0, 2), House(0x001d, Oeiras, NotSocialNeighbourhood, 1.0, 5), House(0x002c, Oeiras, NotSocialNeighbourhood, 1.0, 6), House(0x0105, Oeiras, NotSocialNeighbourhood, 1.0, 77), House(0x0017, Oeiras, NotSocialNeighbourhood, 1.0, 13), House(0x0062, Oeiras, NotSocialNeighbourhood, 1.0, 1), House(0x002a, Oeiras, NotSocialNeighbourhood, 1.0, 11), House(0x0035, Oeiras, NotSocialNeighbourhood, 1.0, 5), House(0x0054, Oeiras, NotSocialNeighbourhood, 1.0, 2), House(0x00ff, Oeiras, NotSocialNeighbourhood, 1.0, 80), House(0x0015, Oeiras, NotSocialNeighbourhood, 1.0, 14), House(0x0032, Oeiras, NotSocialNeighbourhood, 1.0, 3), House(0x0035, Oeiras, NotSocialNeighbourhood, 1.0, 4), House(0x0031, Oeiras, NotSocialNeighbourhood, 1.0, 1), House(0x0027, Oeiras, NotSocialNeighbourhood, 1.0, 2), House(0x0040, Oeiras, NotSocialNeighbourhood, 1.0, 2), House(0x0036, Oeiras, NotSocialNeighbourhood, 1.0, 1), House(0x0029, Oeiras, NotSocialNeighbourhood, 1.0, 2), House(0x0036, Oeiras, NotSocialNeighbourhood, 1.0, 7), House(0x010a, Oeiras, NotSocialNeighbourhood, 1.0, 78), House(0x003e, Oeiras, NotSocialNeighbourhood, 1.0, 21), House(0x0045, Oeiras, NotSocialNeighbourhood, 1.0, 94), House(0x003f, Oeiras, NotSocialNeighbourhood, 1.0, 52), House(0x0032, Oeiras, NotSocialNeighbourhood, 1.0, 50), House(0x0023, Oeiras, NotSocialNeighbourhood, 1.0, 80), House(0x0031, Oeiras, NotSocialNeighbourhood, 1.0, 86), House(0x0020, Oeiras, NotSocialNeighbourhood, 1.0, 62), House(0x0019, Oeiras, NotSocialNeighbourhood, 1.0, 42), House(0x001a, Oeiras, NotSocialNeighbourhood, 1.0, 44), House(0x002b, Oeiras, NotSocialNeighbourhood, 1.0, 86), House(0x0054, Oeiras, NotSocialNeighbourhood, 1.0, 41), House(0x0057, Oeiras, NotSocialNeighbourhood, 1.0, 72), House(0x0077, Oeiras, NotSocialNeighbourhood, 1.0, 81), House(0x008d, Oeiras, NotSocialNeighbourhood, 1.0, 24), House(0x0097, Oeiras, NotSocialNeighbourhood, 1.0, 35), House(0x0086, Oeiras, NotSocialNeighbourhood, 1.0, 19), House(0x0091, Oeiras, NotSocialNeighbourhood, 1.0, 47), House(0x0085, Oeiras, NotSocialNeighbourhood, 1.0, 84)];Dict{HouseLocation, Float64}(Oeiras => 5.345014433355524)
18;56;6.723499206930863e9;1.9752332830200472e8;4.586450999732841e9;4.670291534223253e9;2352.1313684103875;Dict{HouseLocation, Int64}(Oeiras => 131);Dict{HouseLocation, Int64}(Oeiras => 6423);Dict{HouseLocation, Int64}(Oeiras => 56);Dict{HouseLocation, Int64}(Oeiras => 6098);1700.6110156197803;0.21000000000000002;0.16;0.99;1.0;172;10;89;76;74438;9.20743939427821e6;2.13661906925657e7;8.96455286630993e7;1.4456574e8;0.0;1.7520912972163577e6;2.4255932740364033e8;1.5291379874054307e8;1.1217250113597052e8;Dict{Any, Any}(Oeiras => Transaction[Transaction(0x0097, 312276.6824591418, Oeiras), Transaction(0x010a, 808242.4313533308, Oeiras), Transaction(0x0048, 187504.19763513491, Oeiras), Transaction(0x0067, 305670.41101380746, Oeiras), Transaction(0x004c, 222854.04383944938, Oeiras), Transaction(0x003f, 207587.26943930358, Oeiras), Transaction(0x0028, 88047.78842775816, Oeiras), Transaction(0x002b, 147716.6628158767, Oeiras), Transaction(0x007e, 450490.39328318316, Oeiras), Transaction(0x0021, 97921.86546538629, Oeiras), Transaction(0x002c, 52938.43342575498, Oeiras), Transaction(0x0016, 44439.7152611427, Oeiras), Transaction(0x0024, 42698.38595731444, Oeiras), Transaction(0x001a, 54888.93029148787, Oeiras), Transaction(0x005d, 247284.12838406055, Oeiras), Transaction(0x002b, 139512.92189628328, Oeiras), Transaction(0x002a, 165689.57769740385, Oeiras), Transaction(0x0070, 146946.44073734668, Oeiras), Transaction(0x002b, 137490.6645588264, Oeiras), Transaction(0x002a, 62322.0083372597, Oeiras), Transaction(0x0023, 105413.09072017245, Oeiras), Transaction(0x0054, 179980.21789502492, Oeiras), Transaction(0x0019, 41237.99309565455, Oeiras), Transaction(0x0020, 83892.92718810783, Oeiras), Transaction(0x0050, 241230.96891715532, Oeiras), Transaction(0x003f, 153046.79028161158, Oeiras), Transaction(0x005d, 149694.03214901316, Oeiras), Transaction(0x002b, 132416.8815549986, Oeiras), Transaction(0x0032, 88479.15651697086, Oeiras), Transaction(0x002a, 110255.99618036656, Oeiras), Transaction(0x0064, 246374.0506394678, Oeiras), Transaction(0x006e, 242798.45719754335, Oeiras), Transaction(0x0062, 95504.42144823204, Oeiras), Transaction(0x002a, 101916.26441566901, Oeiras), Transaction(0x003e, 117717.38993651263, Oeiras), Transaction(0x0095, 511426.79329655744, Oeiras), Transaction(0x0051, 212351.838857284, Oeiras), Transaction(0x0029, 160259.43845945198, Oeiras), Transaction(0x0059, 304658.5193035733, Oeiras), Transaction(0x0044, 90083.9480326779, Oeiras), Transaction(0x0015, 39225.53066867281, Oeiras), Transaction(0x0045, 236102.12361595902, Oeiras), Transaction(0x0027, 146984.59903163443, Oeiras), Transaction(0x0048, 258392.0335774512, Oeiras), Transaction(0x008d, 270991.7789147947, Oeiras), Transaction(0x0019, 53827.1462704867, Oeiras), Transaction(0x0089, 325803.9935506458, Oeiras), Transaction(0x0051, 110208.05439169554, Oeiras), Transaction(0x006b, 312829.664664517, Oeiras), Transaction(0x003a, 225954.8657824745, Oeiras), Transaction(0x0063, 274236.4591564369, Oeiras), Transaction(0x0019, 52003.34444065606, Oeiras), Transaction(0x00bb, 505110.88321018976, Oeiras), Transaction(0x006e, 370712.2025982941, Oeiras), Transaction(0x0047, 103469.89994109957, Oeiras), Transaction(0x004b, 190357.91470617882, Oeiras), Transaction(0x0028, 112135.0072346859, Oeiras), Transaction(0x0042, 205241.13197401937, Oeiras), Transaction(0x0060, 227306.12283255823, Oeiras), Transaction(0x0028, 97717.95657824603, Oeiras), Transaction(0x0032, 112428.62886541706, Oeiras), Transaction(0x003e, 114029.06965974648, Oeiras), Transaction(0x0086, 251650.03185894326, Oeiras), Transaction(0x0091, 331711.8705885979, Oeiras), Transaction(0x0057, 251942.85390110174, Oeiras), Transaction(0x0054, 257819.96615804307, Oeiras), Transaction(0x002c, 155016.31945976926, Oeiras), Transaction(0x0045, 239517.70057005406, Oeiras), Transaction(0x003a, 198034.43705957595, Oeiras), Transaction(0x0051, 204840.26800302305, Oeiras), Transaction(0x005d, 243177.88816576803, Oeiras), Transaction(0x0052, 259114.06412084136, Oeiras), Transaction(0x0077, 374128.0202343554, Oeiras), Transaction(0x0048, 191405.69714425603, Oeiras), Transaction(0x0021, 103139.83597350348, Oeiras), Transaction(0x004a, 148768.98919174843, Oeiras), Transaction(0x006b, 299897.3271964777, Oeiras), Transaction(0x003a, 214037.84510851526, Oeiras), Transaction(0x002a, 70118.5410964277, Oeiras), Transaction(0x001c, 31425.91347452385, Oeiras), Transaction(0x0031, 156251.17783645296, Oeiras), Transaction(0x001b, 84524.92031128138, Oeiras), Transaction(0x0085, 428211.95270882774, Oeiras), Transaction(0x0051, 142012.71505005797, Oeiras), Transaction(0x0032, 103344.22895236344, Oeiras), Transaction(0x002d, 135709.87453791648, Oeiras)]);Dict{Any, Any}(Oeiras => Transaction[Transaction(0x0075, 1961.2196167370112, Oeiras), Transaction(0x0079, 1942.3267896778425, Oeiras), Transaction(0x0073, 1851.041102190663, Oeiras), Transaction(0x006e, 1807.201177223618, Oeiras), Transaction(0x005e, 1424.206344931374, Oeiras), Transaction(0x0063, 1450.9873056463641, Oeiras), Transaction(0x0059, 1443.6539720175886, Oeiras), Transaction(0x0062, 1258.8165880323459, Oeiras), Transaction(0x0067, 1467.6368751683651, Oeiras), Transaction(0x0020, 528.4554441637715, Oeiras), Transaction(0x0055, 1160.4637478389925, Oeiras), Transaction(0x005f, 1193.5526312900088, Oeiras), Transaction(0x005d, 1190.3135684039353, Oeiras), Transaction(0x002a, 566.7910633425049, Oeiras), Transaction(0x0028, 629.9805310274953, Oeiras), Transaction(0x0037, 800.1343947780533, Oeiras), Transaction(0x0028, 574.5171816501818, Oeiras), Transaction(0x0076, 1424.2106961328116, Oeiras), Transaction(0x0038, 806.4387903897934, Oeiras), Transaction(0x0034, 633.5297180706915, Oeiras), Transaction(0x0063, 1223.8769784153512, Oeiras), Transaction(0x003b, 740.336, Oeiras), Transaction(0x0029, 494.5508370742459, Oeiras), Transaction(0x0057, 1054.1184235324292, Oeiras), Transaction(0x001b, 356.83047774925046, Oeiras), Transaction(0x002e, 537.20347935935, Oeiras), Transaction(0x0051, 951.2291059529912, Oeiras), Transaction(0x001a, 342.9898181504753, Oeiras), Transaction(0x0028, 471.4316858911098, Oeiras), Transaction(0x0053, 1012.8422941970173, Oeiras), Transaction(0x006f, 1223.425749360755, Oeiras), Transaction(0x0062, 882.563720934486, Oeiras), Transaction(0x0065, 1043.910403184354, Oeiras), Transaction(0x002e, 339.23080995556336, Oeiras), Transaction(0x001a, 265.8112335948748, Oeiras), Transaction(0x0048, 606.4904721969076, Oeiras)]);Dict{HouseLocation, Dict{SizeInterval, Int64}}(Oeiras => Dict(LessThan75 => 3, LessThan125 => 2, More => 3, LessThan50 => 3));Dict{HouseLocation, Dict{SizeInterval, Int64}}(Oeiras => Dict(LessThan75 => 14, LessThan125 => 5, More => 3, LessThan50 => 23));Dict{HouseLocation, Dict{SizeInterval, Int64}}(Oeiras => Dict(LessThan75 => 514, LessThan125 => 693, More => 715, LessThan50 => 347));House[House(0x0030, Oeiras, NotSocialNeighbourhood, 1.0, 2), House(0x0032, Oeiras, NotSocialNeighbourhood, 1.0, 3), House(0x0027, Oeiras, NotSocialNeighbourhood, 1.0, 2), House(0x002a, Oeiras, NotSocialNeighbourhood, 1.0, 7), House(0x002f, Oeiras, NotSocialNeighbourhood, 1.0, 1), House(0x001b, Oeiras, NotSocialNeighbourhood, 1.0, 84), House(0x0020, Oeiras, NotSocialNeighbourhood, 1.0, 59), House(0x001e, Oeiras, NotSocialNeighbourhood, 1.0, 83), House(0x0091, Oeiras, NotSocialNeighbourhood, 1.0, 71), House(0x008d, Oeiras, NotSocialNeighbourhood, 1.0, 37), House(0x007e, Oeiras, NotSocialNeighbourhood, 1.0, 31), House(0x0069, Oeiras, NotSocialNeighbourhood, 1.0, 69), House(0x0044, Oeiras, NotSocialNeighbourhood, 1.0, 10), House(0x0034, Oeiras, NotSocialNeighbourhood, 1.0, 51), House(0x004b, Oeiras, NotSocialNeighbourhood, 1.0, 63), House(0x003b, Oeiras, NotSocialNeighbourhood, 1.0, 68)];Mortgage[Mortgage(273718.97054452944, 262691.2538443862, 18, 0x012c), Mortgage(593891.5146437865, 576554.0100542109, 18, 0x0174), Mortgage(161859.5231329537, 158609.03591222528, 18, 0x01d4), Mortgage(61801.241473802336, 49666.562208247735, 18, 0x0054), Mortgage(101790.55371733633, 99341.52360527606, 18, 0x01a4), Mortgage(174734.78638056116, 167694.9903516945, 18, 0x012c), Mortgage(75049.49263787543, 73402.1556893062, 18, 0x01bc), Mortgage(105958.27272326147, 103408.96936411323, 18, 0x01a4), Mortgage(186397.59220751305, 158873.1572267701, 18, 0x006c), Mortgage(84832.12583740268, 82226.77063197753, 18, 0x0168), Mortgage(45668.68615110639, 44666.2581340066, 18, 0x01bc), Mortgage(4836.117870965711, 4204.182503234777, 18, 0x0078), Mortgage(20956.65487722389, 19878.073982535134, 18, 0x00fc), Mortgage(27020.506807048972, 25029.179160692453, 18, 0x00c0), Mortgage(41202.6280514838, 38936.66792518452, 18, 0x00f0), Mortgage(118633.66878770737, 115779.40170146986, 18, 0x01a4), Mortgage(143658.02282758773, 140035.2009122353, 18, 0x0198), Mortgage(123638.12459968017, 120367.25603574375, 18, 0x018c), Mortgage(103847.69997700746, 101568.24215280195, 18, 0x01bc), Mortgage(53133.954107929014, 51967.66340096959, 18, 0x01bc), Mortgage(78501.0776259292, 75513.50467783585, 18, 0x0138), Mortgage(156280.46018086266, 149984.16059587573, 18, 0x012c), Mortgage(14841.995600855436, 13902.86144210501, 18, 0x00d8), Mortgage(63447.0769388264, 60568.631198958356, 18, 0x0114), Mortgage(68619.29630404021, 63131.2203173936, 18, 0x00b4), Mortgage(131219.04345213322, 127747.620332387, 18, 0x018c), Mortgage(127248.7439100638, 121813.12279215243, 18, 0x0120), Mortgage(113277.99777404455, 109199.72825891043, 18, 0x0144), Mortgage(69630.541221661, 67255.90722580672, 18, 0x0150), Mortgage(90310.78921267635, 85344.10002297607, 18, 0x00f0), Mortgage(208493.03412427325, 201749.41764593255, 18, 0x015c), Mortgage(69235.03493593133, 65156.39119594767, 18, 0x00e4), Mortgage(84283.00007357316, 81075.38027243062, 18, 0x0138), Mortgage(88076.50824437322, 84724.51612717845, 18, 0x0138), Mortgage(383943.34594860324, 366524.73280174384, 18, 0x0114), Mortgage(136277.15345768692, 132998.39290265026, 18, 0x01a4), Mortgage(79065.07350391132, 77071.18081771798, 18, 0x0198), Mortgage(86881.01710455527, 84973.97810169091, 18, 0x01bc), Mortgage(126196.79154720587, 123014.31351315216, 18, 0x0198), Mortgage(55641.69660328381, 47425.35516755156, 18, 0x006c), Mortgage(224944.36326725234, 218377.5512580181, 18, 0x0174), Mortgage(28269.318677988806, 27521.448827268236, 18, 0x018c), Mortgage(277237.3691732874, 270567.17591371277, 18, 0x01a4), Mortgage(95674.7109622931, 91587.82205968622, 18, 0x0120), Mortgage(203847.76305003834, 177210.98236329487, 18, 0x0078), Mortgage(195107.0600566016, 188082.75532971675, 18, 0x0144), Mortgage(237648.37185745416, 232875.8816091352, 18, 0x01d4), Mortgage(289235.4194725866, 282886.6997599678, 18, 0x01bc), Mortgage(327116.8150549057, 318030.39580423187, 18, 0x0180), Mortgage(86746.4318575559, 82281.83363650751, 18, 0x00fc), Mortgage(93130.59637271526, 91175.94417871913, 18, 0x01c8), Mortgage(99386.52145949862, 96485.1257846008, 18, 0x0174), Mortgage(189064.3334160964, 177101.19998798773, 18, 0x00d8), Mortgage(82608.08396828333, 79790.8724245872, 18, 0x0150), Mortgage(97950.209315291, 94423.77558145706, 18, 0x0144), Mortgage(97579.6033795969, 94582.74900280537, 18, 0x0168), Mortgage(217578.76055993506, 208284.55718025795, 18, 0x0120), Mortgage(285557.8111122935, 275277.0704675773, 18, 0x0144), Mortgage(215453.3119793315, 210019.92952695861, 18, 0x0198), Mortgage(221543.35137776347, 214739.33558726328, 18, 0x0168), Mortgage(128684.44755052753, 124732.3045154039, 18, 0x0168), Mortgage(171510.876992084, 164600.96731830738, 18, 0x012c), Mortgage(51704.07509398187, 46765.90426323419, 18, 0x009c), Mortgage(209099.56780582908, 204900.39892248577, 18, 0x01d4), Mortgage(99836.87866152637, 71461.12644689901, 18, 0x003c), Mortgage(329304.1141542839, 317448.40557579626, 18, 0x0144), Mortgage(166571.6353110724, 162915.38661721986, 18, 0x01bc), Mortgage(85575.99282007356, 82128.26757371644, 18, 0x012c), Mortgage(129042.72061221699, 125079.57433301542, 18, 0x0168), Mortgage(185478.04837099978, 180571.19363115882, 18, 0x018c), Mortgage(57611.11481626971, 56287.672382996265, 18, 0x01b0), Mortgage(15270.738084859793, 13812.255107694622, 18, 0x009c), Mortgage(133728.85862182535, 124612.40006773954, 18, 0x00cc), Mortgage(52930.74859027465, 51460.4757372496, 18, 0x0180), Mortgage(381800.3881775342, 365491.2114498538, 18, 0x0120), Mortgage(120906.40906037504, 116304.98538717216, 18, 0x0138), Mortgage(89916.46079567797, 86293.86476456742, 18, 0x012c), Mortgage(114365.38419404416, 109176.89374177135, 18, 0x0114)];House[House(0x001c, Oeiras, NotSocialNeighbourhood, 1.0, 1), House(0x0025, Oeiras, NotSocialNeighbourhood, 1.0, 3), House(0x0015, Oeiras, NotSocialNeighbourhood, 1.0, 14), House(0x002c, Oeiras, NotSocialNeighbourhood, 1.0, 6), House(0x0044, Oeiras, NotSocialNeighbourhood, 1.0, 1), House(0x0025, Oeiras, NotSocialNeighbourhood, 1.0, 1), House(0x011e, Oeiras, NotSocialNeighbourhood, 1.0, 94), House(0x0030, Oeiras, NotSocialNeighbourhood, 1.0, 2), House(0x0032, Oeiras, NotSocialNeighbourhood, 1.0, 8), House(0x0021, Oeiras, NotSocialNeighbourhood, 1.0, 5), House(0x0032, Oeiras, NotSocialNeighbourhood, 1.0, 3), House(0x0050, Oeiras, NotSocialNeighbourhood, 1.0, 1), House(0x0027, Oeiras, NotSocialNeighbourhood, 1.0, 2), House(0x002a, Oeiras, NotSocialNeighbourhood, 1.0, 7), House(0x0028, Oeiras, NotSocialNeighbourhood, 1.0, 1), House(0x0035, Oeiras, NotSocialNeighbourhood, 1.0, 27), House(0x0029, Oeiras, NotSocialNeighbourhood, 1.0, 2), House(0x005a, Oeiras, NotSocialNeighbourhood, 1.0, 3), House(0x001d, Oeiras, NotSocialNeighbourhood, 1.0, 3), House(0x0032, Oeiras, NotSocialNeighbourhood, 1.0, 2), House(0x0031, Oeiras, NotSocialNeighbourhood, 1.0, 1), House(0x00ff, Oeiras, NotSocialNeighbourhood, 1.0, 80), House(0x002f, Oeiras, NotSocialNeighbourhood, 1.0, 4), House(0x0035, Oeiras, NotSocialNeighbourhood, 1.0, 5), House(0x001b, Oeiras, NotSocialNeighbourhood, 1.0, 39), House(0x0059, Oeiras, NotSocialNeighbourhood, 1.0, 7), House(0x0033, Oeiras, NotSocialNeighbourhood, 1.0, 3), House(0x0017, Oeiras, NotSocialNeighbourhood, 1.0, 13), House(0x003a, Oeiras, NotSocialNeighbourhood, 1.0, 4), House(0x0035, Oeiras, NotSocialNeighbourhood, 1.0, 4), House(0x0059, Oeiras, NotSocialNeighbourhood, 1.0, 2), House(0x0036, Oeiras, NotSocialNeighbourhood, 1.0, 7), House(0x0029, Oeiras, NotSocialNeighbourhood, 1.0, 1), House(0x0036, Oeiras, NotSocialNeighbourhood, 1.0, 1), House(0x0054, Oeiras, NotSocialNeighbourhood, 1.0, 2), House(0x002a, Oeiras, NotSocialNeighbourhood, 1.0, 2), House(0x003d, Oeiras, NotSocialNeighbourhood, 1.0, 1), House(0x002e, Oeiras, NotSocialNeighbourhood, 1.0, 4), House(0x001d, Oeiras, NotSocialNeighbourhood, 1.0, 5), House(0x0034, Oeiras, NotSocialNeighbourhood, 1.0, 2), House(0x002f, Oeiras, NotSocialNeighbourhood, 1.0, 1), House(0x0022, Oeiras, NotSocialNeighbourhood, 1.0, 4), House(0x0029, Oeiras, NotSocialNeighbourhood, 1.0, 2), House(0x0040, Oeiras, NotSocialNeighbourhood, 1.0, 2), House(0x0105, Oeiras, NotSocialNeighbourhood, 1.0, 77), House(0x001b, Oeiras, NotSocialNeighbourhood, 1.0, 84), House(0x0020, Oeiras, NotSocialNeighbourhood, 1.0, 59), House(0x001e, Oeiras, NotSocialNeighbourhood, 1.0, 83), House(0x0091, Oeiras, NotSocialNeighbourhood, 1.0, 71), House(0x008d, Oeiras, NotSocialNeighbourhood, 1.0, 37), House(0x007e, Oeiras, NotSocialNeighbourhood, 1.0, 31), House(0x0069, Oeiras, NotSocialNeighbourhood, 1.0, 69), House(0x0044, Oeiras, NotSocialNeighbourhood, 1.0, 10), House(0x0034, Oeiras, NotSocialNeighbourhood, 1.0, 51), House(0x004b, Oeiras, NotSocialNeighbourhood, 1.0, 63), House(0x003b, Oeiras, NotSocialNeighbourhood, 1.0, 68)];Dict{HouseLocation, Float64}(Oeiras => 5.361016850147712)
19;42;6.6914695081301775e9;1.9108167959139636e8;4.601309297399471e9;4.661643593209572e9;2359.9618002911616;Dict{HouseLocation, Int64}(Oeiras => 115);Dict{HouseLocation, Int64}(Oeiras => 6505);Dict{HouseLocation, Int64}(Oeiras => 44);Dict{HouseLocation, Int64}(Oeiras => 6120);1623.29293007877;0.21000000000000002;0.16;0.99;1.0;169;10;100;102;74486;9.214710051705169e6;2.1505339842097405e7;8.96469664985119e7;1.4456574e8;47871.73719961619;1.7153948607157858e6;2.4261047650468132e8;1.5296351000617197e8;1.1290303417100982e8;Dict{Any, Any}(Oeiras => Transaction[Transaction(0x0091, 429460.531647518, Oeiras), Transaction(0x0035, 70318.43942183307, Oeiras), Transaction(0x0036, 117396.72492897738, Oeiras), Transaction(0x0047, 192655.899294264, Oeiras), Transaction(0x002c, 139822.8798840622, Oeiras), Transaction(0x0062, 223153.90681708147, Oeiras), Transaction(0x003a, 201617.28522609844, Oeiras), Transaction(0x003a, 118570.45924709212, Oeiras), Transaction(0x008b, 512052.4125525697, Oeiras), Transaction(0x0021, 44855.190550388594, Oeiras), Transaction(0x005d, 294295.8105907759, Oeiras), Transaction(0x001e, 94471.41093058346, Oeiras), Transaction(0x0020, 82815.71625928517, Oeiras), Transaction(0x003a, 65124.34140926546, Oeiras), Transaction(0x0044, 110349.68800723716, Oeiras), Transaction(0x0061, 357721.7167964349, Oeiras), Transaction(0x0050, 236358.6602767768, Oeiras), Transaction(0x0037, 177463.44961481565, Oeiras), Transaction(0x0035, 115251.7234128316, Oeiras), Transaction(0x0042, 148415.24746863625, Oeiras), Transaction(0x002f, 177199.78601245017, Oeiras), Transaction(0x002a, 67042.70022141954, Oeiras), Transaction(0x008d, 299078.7379074894, Oeiras), Transaction(0x004a, 124796.1075267276, Oeiras), Transaction(0x0082, 258831.3800772815, Oeiras), Transaction(0x00bd, 416291.13711291004, Oeiras), Transaction(0x0061, 355412.0402526375, Oeiras), Transaction(0x001b, 86037.9522926204, Oeiras), Transaction(0x0043, 207203.07117748944, Oeiras), Transaction(0x0021, 96186.01932134366, Oeiras), Transaction(0x004a, 274990.7708251308, Oeiras), Transaction(0x0058, 154541.68699016713, Oeiras), Transaction(0x005a, 291013.78638152446, Oeiras), Transaction(0x0074, 371703.54988381197, Oeiras), Transaction(0x0016, 68052.12914257224, Oeiras), Transaction(0x001b, 58517.079477797706, Oeiras), Transaction(0x0034, 124198.54740810806, Oeiras), Transaction(0x0043, 136315.15912071787, Oeiras), Transaction(0x004f, 198951.5430524832, Oeiras), Transaction(0x004c, 229360.42220266993, Oeiras), Transaction(0x002f, 110448.77920926565, Oeiras), Transaction(0x0044, 90023.31154887125, Oeiras), Transaction(0x0055, 133163.15713965343, Oeiras), Transaction(0x005b, 146061.97350548528, Oeiras), Transaction(0x002c, 76517.86209164055, Oeiras), Transaction(0x0045, 153854.9111712423, Oeiras), Transaction(0x0077, 407691.715882576, Oeiras), Transaction(0x005e, 294950.5242801449, Oeiras), Transaction(0x0032, 120940.41338640024, Oeiras), Transaction(0x001b, 86553.11949417004, Oeiras), Transaction(0x0052, 203644.9041471714, Oeiras), Transaction(0x0019, 56760.52245603956, Oeiras), Transaction(0x0052, 226936.345578524, Oeiras), Transaction(0x0059, 144023.47345066842, Oeiras), Transaction(0x002e, 54850.64447546495, Oeiras), Transaction(0x003b, 165826.84252272788, Oeiras), Transaction(0x004d, 286380.45400228037, Oeiras), Transaction(0x0050, 270954.3567861646, Oeiras), Transaction(0x0058, 290926.0487742889, Oeiras), Transaction(0x0051, 191477.91463680554, Oeiras), Transaction(0x003c, 131469.89632637706, Oeiras), Transaction(0x004a, 224271.41386608267, Oeiras), Transaction(0x004b, 203758.4224504809, Oeiras), Transaction(0x0035, 102353.20466628735, Oeiras), Transaction(0x0050, 243089.79932155492, Oeiras), Transaction(0x002f, 65095.80986914287, Oeiras), Transaction(0x002a, 45084.10732612915, Oeiras), Transaction(0x003f, 181886.39033266294, Oeiras), Transaction(0x002d, 95565.50098329752, Oeiras), Transaction(0x0049, 247785.35536257736, Oeiras), Transaction(0x007e, 252085.7932696351, Oeiras), Transaction(0x0069, 300273.68532839743, Oeiras), Transaction(0x0054, 306372.469452618, Oeiras), Transaction(0x003c, 199584.1428264903, Oeiras), Transaction(0x003c, 231712.23849623778, Oeiras), Transaction(0x001b, 52621.384053379654, Oeiras), Transaction(0x005b, 144548.30830249572, Oeiras), Transaction(0x002e, 111382.83930477197, Oeiras)]);Dict{Any, Any}(Oeiras => Transaction[Transaction(0x0093, 2317.731369303425, Oeiras), Transaction(0x008a, 2059.867765371265, Oeiras), Transaction(0x007f, 2002.1070063326683, Oeiras), Transaction(0x0074, 1813.4768409751732, Oeiras), Transaction(0x007f, 1916.5722354203497, Oeiras), Transaction(0x004e, 1194.4830377788337, Oeiras), Transaction(0x0054, 1242.7953127358783, Oeiras), Transaction(0x008d, 1993.0688684837764, Oeiras), Transaction(0x0054, 1276.6614947089986, Oeiras), Transaction(0x0066, 1501.516900809035, Oeiras), Transaction(0x0073, 1575.1185767586749, Oeiras), Transaction(0x002b, 656.7303038915217, Oeiras), Transaction(0x003a, 789.8985148459558, Oeiras), Transaction(0x0033, 719.6602328077465, Oeiras), Transaction(0x001f, 438.51677699920776, Oeiras), Transaction(0x0048, 974.5418966998852, Oeiras), Transaction(0x003a, 788.7757126815521, Oeiras), Transaction(0x00b6, 2126.41813853178, Oeiras), Transaction(0x0021, 455.67236613003456, Oeiras), Transaction(0x0053, 1022.5092902910727, Oeiras), Transaction(0x003c, 769.6296679601871, Oeiras), Transaction(0x0037, 562.338549603066, Oeiras), Transaction(0x0042, 751.6695644103252, Oeiras), Transaction(0x0031, 556.937942769522, Oeiras)]);Dict{HouseLocation, Dict{SizeInterval, Int64}}(Oeiras => Dict(LessThan75 => 1, LessThan125 => 2, More => 2, LessThan50 => 0));Dict{HouseLocation, Dict{SizeInterval, Int64}}(Oeiras => Dict(LessThan75 => 12, LessThan125 => 4, More => 3, LessThan50 => 18));Dict{HouseLocation, Dict{SizeInterval, Int64}}(Oeiras => Dict(LessThan75 => 551, LessThan125 => 731, More => 759, LessThan50 => 386));House[House(0x0032, Oeiras, NotSocialNeighbourhood, 1.0, 3), House(0x0030, Oeiras, NotSocialNeighbourhood, 1.0, 2), House(0x0044, Oeiras, NotSocialNeighbourhood, 1.0, 10), House(0x0027, Oeiras, NotSocialNeighbourhood, 1.0, 2), House(0x0091, Oeiras, NotSocialNeighbourhood, 1.0, 20), House(0x0091, Oeiras, NotSocialNeighbourhood, 1.0, 76), House(0x0042, Oeiras, NotSocialNeighbourhood, 1.0, 66), House(0x0059, Oeiras, NotSocialNeighbourhood, 1.0, 71), House(0x0062, Oeiras, NotSocialNeighbourhood, 1.0, 74)];Mortgage[Mortgage(383196.49696901254, 364784.8757066366, 17, 0x00fc), Mortgage(50823.84175825084, 48916.65338657197, 17, 0x012c), Mortgage(100535.66267017499, 97514.10866982127, 17, 0x015c), Mortgage(165194.4662583137, 161683.7895402286, 17, 0x01b0), Mortgage(114693.41636059986, 111422.35740740129, 17, 0x0168), Mortgage(191510.53020843453, 186321.96540373206, 17, 0x0174), Mortgage(172886.09554133256, 169377.702558754, 17, 0x01bc), Mortgage(82025.57760778253, 76366.81983008087, 17, 0x00c0), Mortgage(145178.33872028557, 136588.30936297114, 17, 0x00d8), Mortgage(19755.87586553406, 16108.250378569099, 17, 0x0054), Mortgage(91928.25743198206, 88849.2427716426, 17, 0x0144), Mortgage(57591.655166389355, 56031.33347172504, 17, 0x0174), Mortgage(71653.8189639135, 70057.92799914832, 17, 0x01a4), Mortgage(56499.24899895956, 55240.884234914425, 17, 0x01a4), Mortgage(94700.38554226866, 92591.1959438357, 17, 0x01a4), Mortgage(62261.58149909647, 59270.07018094728, 17, 0x00fc), Mortgage(60176.80137447905, 54235.58023983419, 17, 0x0090), Mortgage(130485.59652880786, 118801.2620550907, 17, 0x009c), Mortgage(100322.02935953619, 96961.87647747414, 17, 0x0144), Mortgage(129163.67150490574, 125479.92053200105, 17, 0x0168), Mortgage(148731.52136518288, 143150.30164159255, 17, 0x012c), Mortgage(55388.56911739096, 54211.4633434941, 17, 0x01b0), Mortgage(262622.4962365271, 257293.07445753156, 17, 0x01bc), Mortgage(106477.80743453276, 101008.04943214863, 17, 0x00f0), Mortgage(224173.0538795236, 220016.49636398908, 17, 0x01d4), Mortgage(371123.20786574634, 361068.4249123249, 17, 0x0174), Mortgage(312724.8605829885, 305056.4693908042, 17, 0x018c), Mortgage(75139.85521198162, 72320.19709185026, 17, 0x012c), Mortgage(180272.46246953958, 175388.36887422405, 17, 0x0174), Mortgage(59073.2887106425, 56234.96678686119, 17, 0x00fc), Mortgage(234910.3758173709, 227042.36535777204, 17, 0x0144), Mortgage(132484.1375795172, 127790.63589053597, 17, 0x0138), Mortgage(43876.35711434827, 39544.46950575323, 17, 0x0090), Mortgage(326516.13275196205, 314948.6798587345, 17, 0x0138), Mortgage(20480.33293634854, 18235.483695847874, 17, 0x0084), Mortgage(47130.17480766434, 45551.61231522801, 17, 0x0144), Mortgage(102853.37793491279, 93643.37084207748, 17, 0x009c), Mortgage(117260.30429689807, 113106.13575775793, 17, 0x0138), Mortgage(171790.2071177095, 166627.12991951153, 17, 0x015c), Mortgage(199785.76143028346, 193781.2904731087, 17, 0x015c), Mortgage(96115.26817103727, 92896.01515734835, 17, 0x0144), Mortgage(102182.90609507558, 96136.86526756913, 17, 0x00d8), Mortgage(124572.15809166769, 122044.20415815437, 17, 0x01bc), Mortgage(52384.878643970886, 49500.73613185595, 17, 0x00e4), Mortgage(132337.16994452715, 127648.8748625832, 17, 0x0138), Mortgage(357515.74064270576, 344099.795691334, 17, 0x012c), Mortgage(138605.678701141, 124921.21942660314, 17, 0x0090), Mortgage(96130.50495442803, 91192.28720355073, 17, 0x00f0), Mortgage(53504.04332232249, 49133.125897983584, 17, 0x00a8), Mortgage(171627.7639032656, 165547.52505752025, 17, 0x0138), Mortgage(49532.70689582864, 48527.53524950676, 17, 0x01bc), Mortgage(185048.1397162674, 174859.9857993565, 17, 0x00e4), Mortgage(123634.82530872489, 119919.03639290336, 17, 0x015c), Mortgage(44790.24954313942, 43109.4745340483, 17, 0x012c), Mortgage(144258.25482549766, 137327.01100456787, 17, 0x00fc), Mortgage(250710.23610119126, 245382.1969192385, 17, 0x01b0), Mortgage(93057.61435282248, 82857.56948284965, 17, 0x0084), Mortgage(108859.97647991529, 105408.24439123888, 17, 0x0150), Mortgage(165452.27054720058, 161395.1810921895, 17, 0x018c), Mortgage(43332.53972421115, 42453.18862422993, 17, 0x01bc), Mortgage(176434.99679455822, 163218.70313363956, 17, 0x00b4), Mortgage(89018.18463476672, 86835.3512593679, 17, 0x018c), Mortgage(24316.442421372514, 21332.920241021275, 17, 0x0078), Mortgage(24546.33325469939, 21534.60446466387, 17, 0x0078), Mortgage(158467.53790154727, 153159.8785809323, 17, 0x0144), Mortgage(82025.9027123795, 80014.52853279565, 17, 0x018c), Mortgage(207097.06532005785, 195694.9686523668, 17, 0x00e4), Mortgage(218227.74655903547, 211308.18126245157, 17, 0x0150), Mortgage(141811.67584631784, 131188.92646789204, 17, 0x00b4), Mortgage(169754.78941149035, 161598.50167180496, 17, 0x00fc), Mortgage(192343.2399763493, 185900.95909070806, 17, 0x0144), Mortgage(28585.048798835684, 26613.03138751244, 17, 0x00c0), Mortgage(118109.88138467255, 113407.91121916984, 17, 0x0120), Mortgage(96272.40125585551, 91936.32971683585, 17, 0x0108)];House[House(0x0032, Oeiras, NotSocialNeighbourhood, 1.0, 3), House(0x0028, Oeiras, NotSocialNeighbourhood, 1.0, 1), House(0x0031, Oeiras, NotSocialNeighbourhood, 1.0, 1), House(0x0029, Oeiras, NotSocialNeighbourhood, 1.0, 2), House(0x0036, Oeiras, NotSocialNeighbourhood, 1.0, 7), House(0x00ff, Oeiras, NotSocialNeighbourhood, 1.0, 80), House(0x0029, Oeiras, NotSocialNeighbourhood, 1.0, 1), House(0x0036, Oeiras, NotSocialNeighbourhood, 1.0, 1), House(0x0033, Oeiras, NotSocialNeighbourhood, 1.0, 3), House(0x0032, Oeiras, NotSocialNeighbourhood, 1.0, 8), House(0x002c, Oeiras, NotSocialNeighbourhood, 1.0, 6), House(0x005a, Oeiras, NotSocialNeighbourhood, 1.0, 3), House(0x0022, Oeiras, NotSocialNeighbourhood, 1.0, 4), House(0x002f, Oeiras, NotSocialNeighbourhood, 1.0, 4), House(0x0030, Oeiras, NotSocialNeighbourhood, 1.0, 2), House(0x0029, Oeiras, NotSocialNeighbourhood, 1.0, 2), House(0x0044, Oeiras, NotSocialNeighbourhood, 1.0, 10), House(0x003c, Oeiras, NotSocialNeighbourhood, 1.0, 7), House(0x001d, Oeiras, NotSocialNeighbourhood, 1.0, 3), House(0x011e, Oeiras, NotSocialNeighbourhood, 1.0, 94), House(0x0015, Oeiras, NotSocialNeighbourhood, 1.0, 14), House(0x0032, Oeiras, NotSocialNeighbourhood, 1.0, 2), House(0x0054, Oeiras, NotSocialNeighbourhood, 1.0, 2), House(0x001d, Oeiras, NotSocialNeighbourhood, 1.0, 5), House(0x001c, Oeiras, NotSocialNeighbourhood, 1.0, 1), House(0x0034, Oeiras, NotSocialNeighbourhood, 1.0, 2), House(0x0035, Oeiras, NotSocialNeighbourhood, 1.0, 4), House(0x003d, Oeiras, NotSocialNeighbourhood, 1.0, 1), House(0x0059, Oeiras, NotSocialNeighbourhood, 1.0, 2), House(0x0050, Oeiras, NotSocialNeighbourhood, 1.0, 1), House(0x0017, Oeiras, NotSocialNeighbourhood, 1.0, 13), House(0x0040, Oeiras, NotSocialNeighbourhood, 1.0, 2), House(0x0105, Oeiras, NotSocialNeighbourhood, 1.0, 77), House(0x0027, Oeiras, NotSocialNeighbourhood, 1.0, 2), House(0x001b, Oeiras, NotSocialNeighbourhood, 1.0, 37), House(0x0025, Oeiras, NotSocialNeighbourhood, 1.0, 3), House(0x0025, Oeiras, NotSocialNeighbourhood, 1.0, 1), House(0x0091, Oeiras, NotSocialNeighbourhood, 1.0, 20), House(0x0091, Oeiras, NotSocialNeighbourhood, 1.0, 76), House(0x0042, Oeiras, NotSocialNeighbourhood, 1.0, 66), House(0x0059, Oeiras, NotSocialNeighbourhood, 1.0, 71), House(0x0062, Oeiras, NotSocialNeighbourhood, 1.0, 74)];Dict{HouseLocation, Float64}(Oeiras => 5.372844698649692)
20;44;6.657979167824879e9;1.8562003513164e8;4.616577219229907e9;4.652799637565838e9;2375.898450184549;Dict{HouseLocation, Int64}(Oeiras => 112);Dict{HouseLocation, Int64}(Oeiras => 6466);Dict{HouseLocation, Int64}(Oeiras => 60);Dict{HouseLocation, Int64}(Oeiras => 6149);1761.5167207797685;0.21000000000000002;0.16;0.99;1.0;150;14;116;116;74557;9.216083975725062e6;2.1584499242907945e7;8.963599198085383e7;1.4456574e8;-47871.7371996162;1.7677619256399241e6;2.4261643919530797e8;1.529804472144552e8;1.1331862102526608e8;Dict{Any, Any}(Oeiras => Transaction[Transaction(0x0036, 64617.99796283802, Oeiras), Transaction(0x0042, 185296.67012020634, Oeiras), Transaction(0x00a4, 483506.9892365222, Oeiras), Transaction(0x0051, 238582.6126618337, Oeiras), Transaction(0x0020, 88495.74013045781, Oeiras), Transaction(0x0036, 102764.8757804228, Oeiras), Transaction(0x0049, 259675.61148958065, Oeiras), Transaction(0x0089, 360408.4730568208, Oeiras), Transaction(0x0021, 75325.91405799783, Oeiras), Transaction(0x0062, 224345.19878018327, Oeiras), Transaction(0x0083, 303650.1237025222, Oeiras), Transaction(0x0056, 286425.03804380057, Oeiras), Transaction(0x0029, 45486.70706446358, Oeiras), Transaction(0x005d, 321700.6772887995, Oeiras), Transaction(0x0059, 260347.93011178018, Oeiras), Transaction(0x0091, 272962.17263149313, Oeiras), Transaction(0x0042, 245371.5616214092, Oeiras), Transaction(0x0059, 159646.57812319053, Oeiras), Transaction(0x0048, 247410.23385886734, Oeiras), Transaction(0x0065, 312900.28362395876, Oeiras), Transaction(0x0032, 107740.258851169, Oeiras), Transaction(0x0033, 177900.3038262661, Oeiras), Transaction(0x0062, 215799.04909841032, Oeiras), Transaction(0x0035, 71779.94183678129, Oeiras), Transaction(0x0091, 449290.5161001267, Oeiras), Transaction(0x0026, 158446.41610931384, Oeiras), Transaction(0x0022, 95446.39943733142, Oeiras), Transaction(0x0062, 293710.6088280078, Oeiras), Transaction(0x0031, 171210.5550281671, Oeiras), Transaction(0x0033, 174930.0831498032, Oeiras), Transaction(0x0026, 130075.57566935416, Oeiras), Transaction(0x0053, 196881.09816528243, Oeiras), Transaction(0x0064, 354962.4309289408, Oeiras), Transaction(0x0042, 193637.02768640366, Oeiras), Transaction(0x0050, 261137.09209487747, Oeiras), Transaction(0x004b, 153760.99712734914, Oeiras), Transaction(0x004b, 149166.04969019708, Oeiras), Transaction(0x0039, 189209.91996973913, Oeiras), Transaction(0x0032, 63803.283632443505, Oeiras), Transaction(0x0026, 147782.48994828772, Oeiras), Transaction(0x004c, 281311.3088274367, Oeiras), Transaction(0x0014, 66218.74852680147, Oeiras), Transaction(0x005f, 235115.52848201423, Oeiras), Transaction(0x0036, 86549.3398789471, Oeiras), Transaction(0x0033, 79353.19316019112, Oeiras), Transaction(0x002b, 117578.96147814448, Oeiras), Transaction(0x0027, 56573.49674758313, Oeiras), Transaction(0x0057, 292780.5367839754, Oeiras), Transaction(0x0016, 64360.82795844892, Oeiras), Transaction(0x0028, 131105.8150380145, Oeiras), Transaction(0x005f, 271601.93559682387, Oeiras), Transaction(0x003f, 216253.5908176119, Oeiras), Transaction(0x0073, 425440.4702120333, Oeiras), Transaction(0x0045, 207817.99082780318, Oeiras), Transaction(0x005e, 303802.37241181225, Oeiras), Transaction(0x0036, 74606.56754582626, Oeiras), Transaction(0x0044, 116336.07134434464, Oeiras), Transaction(0x011e, 813154.0213586311, Oeiras), Transaction(0x0051, 291964.4326669734, Oeiras), Transaction(0x004c, 190081.31928615336, Oeiras), Transaction(0x003e, 144058.985055111, Oeiras), Transaction(0x0036, 163494.2649619878, Oeiras), Transaction(0x0040, 181959.62114043196, Oeiras), Transaction(0x0038, 162339.22877396632, Oeiras), Transaction(0x0052, 238262.10576615628, Oeiras), Transaction(0x004e, 292593.10798418, Oeiras), Transaction(0x004c, 225022.638568154, Oeiras), Transaction(0x002f, 55428.96037718358, Oeiras), Transaction(0x0038, 147777.68774649908, Oeiras), Transaction(0x0085, 377960.6967504887, Oeiras), Transaction(0x0043, 184809.91166723546, Oeiras), Transaction(0x0085, 363726.9308412596, Oeiras), Transaction(0x0033, 185790.53141770663, Oeiras), Transaction(0x003a, 204897.5768733465, Oeiras), Transaction(0x0033, 139382.7281125727, Oeiras), Transaction(0x0020, 92054.16399862466, Oeiras), Transaction(0x0062, 299655.27135820786, Oeiras), Transaction(0x0021, 73613.80311431765, Oeiras), Transaction(0x003d, 126767.70210400487, Oeiras), Transaction(0x002c, 153616.39409049065, Oeiras), Transaction(0x004c, 187689.89096130675, Oeiras), Transaction(0x0022, 95056.53125955422, Oeiras)]);Dict{Any, Any}(Oeiras => Transaction[Transaction(0x0066, 1611.2423864538946, Oeiras), Transaction(0x0083, 2017.0112432919086, Oeiras), Transaction(0x005e, 1424.8771463889454, Oeiras), Transaction(0x00e1, 3172.3827365902584, Oeiras), Transaction(0x007d, 1903.7723419551182, Oeiras), Transaction(0x0057, 1452.7919571584973, Oeiras), Transaction(0x004f, 1262.1267898218216, Oeiras), Transaction(0x0088, 1921.8384275877797, Oeiras), Transaction(0x0077, 1735.170252452171, Oeiras), Transaction(0x005f, 1449.944315254298, Oeiras), Transaction(0x0048, 1083.4884939274866, Oeiras), Transaction(0x0060, 1352.7552287940193, Oeiras), Transaction(0x0043, 1023.2331633907929, Oeiras), Transaction(0x003c, 990.856644486803, Oeiras), Transaction(0x0032, 822.3892701991159, Oeiras), Transaction(0x003f, 1007.5378949531075, Oeiras), Transaction(0x003f, 853.748828125, Oeiras), Transaction(0x006d, 1467.9864464970738, Oeiras), Transaction(0x004a, 1040.0177510569633, Oeiras), Transaction(0x004b, 1027.5659600190504, Oeiras), Transaction(0x0051, 1124.2213838260566, Oeiras), Transaction(0x0037, 826.3369787880483, Oeiras), Transaction(0x007f, 1684.6737713493235, Oeiras), Transaction(0x003b, 850.2999060089171, Oeiras), Transaction(0x0049, 987.4866514268749, Oeiras), Transaction(0x002f, 656.3043811131614, Oeiras), Transaction(0x004b, 955.5887760829138, Oeiras), Transaction(0x0020, 441.14796874999996, Oeiras), Transaction(0x0033, 705.4477023459997, Oeiras), Transaction(0x006d, 1295.5127864517974, Oeiras), Transaction(0x0016, 316.761717425984, Oeiras), Transaction(0x00ab, 2008.5416841400736, Oeiras), Transaction(0x005f, 1059.8857880316284, Oeiras), Transaction(0x0033, 568.9913084718298, Oeiras), Transaction(0x0052, 885.2594461189678, Oeiras), Transaction(0x0039, 494.60278051769615, Oeiras), Transaction(0x0017, 217.919220824447, Oeiras), Transaction(0x003a, 543.4895608367252, Oeiras), Transaction(0x0017, 101.83324532661852, Oeiras)]);Dict{HouseLocation, Dict{SizeInterval, Int64}}(Oeiras => Dict(LessThan75 => 3, LessThan125 => 4, More => 4, LessThan50 => 3));Dict{HouseLocation, Dict{SizeInterval, Int64}}(Oeiras => Dict(LessThan75 => 7, LessThan125 => 4, More => 3, LessThan50 => 16));Dict{HouseLocation, Dict{SizeInterval, Int64}}(Oeiras => Dict(LessThan75 => 504, LessThan125 => 700, More => 737, LessThan50 => 364));House[House(0x0030, Oeiras, NotSocialNeighbourhood, 1.0, 2), House(0x0032, Oeiras, NotSocialNeighbourhood, 1.0, 3), House(0x0066, Oeiras, NotSocialNeighbourhood, 1.0, 8), House(0x0050, Oeiras, NotSocialNeighbourhood, 1.0, 55), House(0x0059, Oeiras, NotSocialNeighbourhood, 1.0, 96), House(0x0075, Oeiras, NotSocialNeighbourhood, 1.0, 26), House(0x0049, Oeiras, NotSocialNeighbourhood, 1.0, 5), House(0x0035, Oeiras, NotSocialNeighbourhood, 1.0, 26), House(0x0042, Oeiras, NotSocialNeighbourhood, 1.0, 92), House(0x0031, Oeiras, NotSocialNeighbourhood, 1.0, 16), House(0x001e, Oeiras, NotSocialNeighbourhood, 1.0, 99), House(0x0020, Oeiras, NotSocialNeighbourhood, 1.0, 51), House(0x008b, Oeiras, NotSocialNeighbourhood, 1.0, 17), House(0x007e, Oeiras, NotSocialNeighbourhood, 1.0, 80), House(0x0096, Oeiras, NotSocialNeighbourhood, 1.0, 8), House(0x0092, Oeiras, NotSocialNeighbourhood, 1.0, 11)];Mortgage[Mortgage(160617.16149924847, 153901.49267196917, 16, 0x0108), Mortgage(224704.58334961976, 211357.6366875258, 16, 0x00cc), Mortgage(203962.14133918262, 197641.5935348049, 16, 0x0144), Mortgage(76244.10736748697, 74604.52308688025, 16, 0x0198), Mortgage(89356.81376238706, 87837.42140407865, 16, 0x01d4), Mortgage(36869.09278768723, 36181.90156268655, 16, 0x01bc), Mortgage(318530.14473544946, 309685.1993530533, 16, 0x015c), Mortgage(65665.97344184459, 64253.86565353966, 16, 0x0198), Mortgage(195352.1025058573, 190469.11701362563, 16, 0x0174), Mortgage(218741.58883614617, 211963.04326898017, 16, 0x0144), Mortgage(194527.93533671164, 191066.00626297423, 16, 0x01c8), Mortgage(29127.18603764491, 28273.28509329199, 16, 0x0150), Mortgage(113344.03653094507, 98632.94240138137, 16, 0x006c), Mortgage(70100.20827033493, 67348.95167752613, 16, 0x0114), Mortgage(211998.9486383919, 192448.87900487048, 16, 0x0090), Mortgage(82605.7274479247, 77699.13310171379, 16, 0x00cc), Mortgage(98635.34419430874, 95743.72213904941, 16, 0x0150), Mortgage(68684.2506431086, 64604.56069556034, 16, 0x00cc), Mortgage(154939.75056232163, 151259.6981060646, 16, 0x0180), Mortgage(95543.68163066034, 92221.94751803388, 16, 0x012c), Mortgage(402640.1310670658, 393544.4236844517, 16, 0x018c), Mortgage(133909.3274182207, 122715.75185119745, 16, 0x009c), Mortgage(68110.76700603275, 65437.590971462945, 16, 0x0114), Mortgage(30813.565895272535, 26814.22651909716, 16, 0x006c), Mortgage(145800.2642605939, 135616.99850684078, 16, 0x00b4), Mortgage(152124.56975187638, 141499.5895482061, 16, 0x00b4), Mortgage(101732.15939678262, 98749.75021837099, 16, 0x0150), Mortgage(170213.63499103393, 165959.006043714, 16, 0x0174), Mortgage(313318.5612010913, 307742.56701554597, 16, 0x01c8), Mortgage(166289.9473821001, 162883.05193334096, 16, 0x01a4), Mortgage(46921.039958977955, 43643.88938748973, 16, 0x00b4), Mortgage(133888.77334116568, 128633.97625215548, 16, 0x0114), Mortgage(128097.3384874529, 124724.34683799678, 16, 0x0168), Mortgage(164643.28946659097, 159816.5595457812, 16, 0x0150), Mortgage(42767.25805497539, 40577.17783603552, 16, 0x00e4), Mortgage(121159.09458289585, 118900.84898119779, 16, 0x01bc), Mortgage(211013.69957766606, 202731.9434108772, 16, 0x0114), Mortgage(40943.686122294086, 39865.578543954536, 16, 0x0168), Mortgage(203798.53870314365, 200000.00294119155, 16, 0x01bc), Mortgage(73049.46094887554, 71687.91541684496, 16, 0x01bc), Mortgage(40231.783296441485, 37645.4559876221, 16, 0x00c0), Mortgage(100824.57859954804, 98024.88159863536, 16, 0x015c), Mortgage(35463.36588799233, 34071.518108792225, 16, 0x0114), Mortgage(54604.64638668118, 52912.51236826933, 16, 0x0144), Mortgage(109626.22624112881, 107582.93808276107, 16, 0x01bc), Mortgage(122330.84218540648, 119567.36815851707, 16, 0x018c), Mortgage(82223.55735795203, 79364.91939596503, 16, 0x012c), Mortgage(360446.859963626, 335271.8290147453, 16, 0x00b4), Mortgage(180605.62825318126, 172544.67750505864, 16, 0x00fc), Mortgage(121656.55377718055, 109194.15269782941, 16, 0x0084), Mortgage(92756.81289008682, 88006.80388035906, 16, 0x00e4), Mortgage(564537.4854836368, 551784.4899964071, 16, 0x018c), Mortgage(119075.3766059418, 112002.56715703323, 16, 0x00cc), Mortgage(77823.10127829979, 74349.63152800433, 16, 0x00fc), Mortgage(124049.12970523388, 120604.53334564019, 16, 0x015c), Mortgage(158181.01543795178, 154940.2532027136, 16, 0x01a4), Mortgage(140265.03877914828, 133567.40625213078, 16, 0x00f0), Mortgage(96154.7683182057, 90443.39142985675, 16, 0x00cc), Mortgage(46251.90163097582, 45153.3492995961, 16, 0x0180), Mortgage(107162.58801617441, 101674.86972656749, 16, 0x00e4), Mortgage(331029.266109563, 325138.08221035067, 16, 0x01c8), Mortgage(153655.658518911, 127082.81988345114, 16, 0x0054), Mortgage(320892.10889614397, 313643.1029012024, 16, 0x018c), Mortgage(159327.35897336178, 152665.6189201661, 16, 0x0108), Mortgage(120657.64164774874, 117641.70526346957, 16, 0x0174), Mortgage(73214.74232121502, 68101.13582721782, 16, 0x00b4), Mortgage(42910.923184121486, 40713.48597827612, 16, 0x00e4), Mortgage(110376.81311642054, 106539.38065501377, 16, 0x012c), Mortgage(124527.22978259526, 120668.27682387568, 16, 0x0144), Mortgage(162239.4085492922, 157483.15149128283, 16, 0x0150), Mortgage(80182.39146811535, 74582.13686479113, 16, 0x00b4)];House[House(0x0029, Oeiras, NotSocialNeighbourhood, 1.0, 2), House(0x001d, Oeiras, NotSocialNeighbourhood, 1.0, 5), House(0x0050, Oeiras, NotSocialNeighbourhood, 1.0, 1), House(0x0040, Oeiras, NotSocialNeighbourhood, 1.0, 2), House(0x001b, Oeiras, NotSocialNeighbourhood, 1.0, 37), House(0x0054, Oeiras, NotSocialNeighbourhood, 1.0, 2), House(0x0033, Oeiras, NotSocialNeighbourhood, 1.0, 3), House(0x0031, Oeiras, NotSocialNeighbourhood, 1.0, 1), House(0x0022, Oeiras, NotSocialNeighbourhood, 1.0, 4), House(0x0017, Oeiras, NotSocialNeighbourhood, 1.0, 13), House(0x001d, Oeiras, NotSocialNeighbourhood, 1.0, 3), House(0x0015, Oeiras, NotSocialNeighbourhood, 1.0, 14), House(0x0032, Oeiras, NotSocialNeighbourhood, 1.0, 2), House(0x0120, Oeiras, NotSocialNeighbourhood, 1.0, 55), House(0x00ff, Oeiras, NotSocialNeighbourhood, 1.0, 80), House(0x0030, Oeiras, NotSocialNeighbourhood, 1.0, 2), House(0x003c, Oeiras, NotSocialNeighbourhood, 1.0, 7), House(0x0032, Oeiras, NotSocialNeighbourhood, 1.0, 3), House(0x0105, Oeiras, NotSocialNeighbourhood, 1.0, 77), House(0x0029, Oeiras, NotSocialNeighbourhood, 1.0, 1), House(0x0028, Oeiras, NotSocialNeighbourhood, 1.0, 1), House(0x003d, Oeiras, NotSocialNeighbourhood, 1.0, 1), House(0x001c, Oeiras, NotSocialNeighbourhood, 1.0, 1), House(0x0025, Oeiras, NotSocialNeighbourhood, 1.0, 3), House(0x002c, Oeiras, NotSocialNeighbourhood, 1.0, 6), House(0x0034, Oeiras, NotSocialNeighbourhood, 1.0, 2), House(0x0059, Oeiras, NotSocialNeighbourhood, 1.0, 2), House(0x005a, Oeiras, NotSocialNeighbourhood, 1.0, 3), House(0x0025, Oeiras, NotSocialNeighbourhood, 1.0, 1), House(0x0022, Oeiras, NotSocialNeighbourhood, 1.0, 5), House(0x0066, Oeiras, NotSocialNeighbourhood, 1.0, 8), House(0x0050, Oeiras, NotSocialNeighbourhood, 1.0, 55), House(0x0059, Oeiras, NotSocialNeighbourhood, 1.0, 96), House(0x0075, Oeiras, NotSocialNeighbourhood, 1.0, 26), House(0x0049, Oeiras, NotSocialNeighbourhood, 1.0, 5), House(0x0035, Oeiras, NotSocialNeighbourhood, 1.0, 26), House(0x0042, Oeiras, NotSocialNeighbourhood, 1.0, 92), House(0x0031, Oeiras, NotSocialNeighbourhood, 1.0, 16), House(0x001e, Oeiras, NotSocialNeighbourhood, 1.0, 99), House(0x0020, Oeiras, NotSocialNeighbourhood, 1.0, 51), House(0x008b, Oeiras, NotSocialNeighbourhood, 1.0, 17), House(0x007e, Oeiras, NotSocialNeighbourhood, 1.0, 80), House(0x0096, Oeiras, NotSocialNeighbourhood, 1.0, 8), House(0x0092, Oeiras, NotSocialNeighbourhood, 1.0, 11)];Dict{HouseLocation, Float64}(Oeiras => 5.390580911893986)
21;43;6.625161201157834e9;1.8073801270519242e8;4.632460652765895e9;4.6459261107586565e9;2381.1569245523265;Dict{HouseLocation, Int64}(Oeiras => 92);Dict{HouseLocation, Int64}(Oeiras => 6554);Dict{HouseLocation, Int64}(Oeiras => 56);Dict{HouseLocation, Int64}(Oeiras => 6198);1942.49359313416;0.21000000000000002;0.16;0.99;1.0;174;9;77;140;74678;9.227226605944866e6;2.173302863724308e7;8.967972154536772e7;1.4456574e8;1.4551915228366852e-11;1.7496318386800943e6;2.4278070680988967e8;1.531009852645224e8;1.1409840034552637e8;Dict{Any, Any}(Oeiras => Transaction[Transaction(0x0120, 799179.3741649509, Oeiras), Transaction(0x003c, 77748.44447457952, Oeiras), Transaction(0x0059, 324756.49911470606, Oeiras), Transaction(0x0035, 100242.17648083725, Oeiras), Transaction(0x001e, 110967.85556873791, Oeiras), Transaction(0x008b, 256822.03077993818, Oeiras), Transaction(0x0031, 88180.95256724162, Oeiras), Transaction(0x0096, 261364.7145399495, Oeiras), Transaction(0x0032, 90543.26947241032, Oeiras), Transaction(0x002c, 148769.48982353846, Oeiras), Transaction(0x004a, 261412.41454977382, Oeiras), Transaction(0x0027, 63642.17747939087, Oeiras), Transaction(0x0039, 175537.15589995898, Oeiras), Transaction(0x0036, 184277.3405823836, Oeiras), Transaction(0x004c, 245153.02103606742, Oeiras), Transaction(0x0075, 227210.76886799876, Oeiras), Transaction(0x0025, 49876.05522802042, Oeiras), Transaction(0x0066, 177043.48302601578, Oeiras), Transaction(0x007e, 409585.74467054004, Oeiras), Transaction(0x0020, 80173.28403927504, Oeiras), Transaction(0x0050, 209831.41181035497, Oeiras), Transaction(0x002e, 111361.0332123755, Oeiras), Transaction(0x0046, 145282.4847760822, Oeiras), Transaction(0x0035, 179516.90818956407, Oeiras), Transaction(0x0056, 284476.30319129425, Oeiras), Transaction(0x005f, 222420.10492864312, Oeiras), Transaction(0x0070, 331380.47819554503, Oeiras), Transaction(0x0048, 256201.00907491174, Oeiras), Transaction(0x0050, 107626.54630728292, Oeiras), Transaction(0x005a, 122113.94722146964, Oeiras), Transaction(0x0092, 259388.08240304768, Oeiras), Transaction(0x003a, 97230.74595130818, Oeiras), Transaction(0x003f, 129777.20804748789, Oeiras), Transaction(0x001e, 75467.69464384066, Oeiras), Transaction(0x001e, 71243.72596353827, Oeiras), Transaction(0x004d, 230805.43315894366, Oeiras), Transaction(0x0087, 310380.6827895943, Oeiras), Transaction(0x0045, 266706.45744803414, Oeiras), Transaction(0x00b4, 497753.56890483474, Oeiras), Transaction(0x0032, 99547.16943508688, Oeiras), Transaction(0x003d, 179573.78750326813, Oeiras), Transaction(0x0070, 337306.9290694839, Oeiras), Transaction(0x0074, 333631.40439349174, Oeiras), Transaction(0x0052, 331531.1981100927, Oeiras), Transaction(0x0033, 58245.55658597763, Oeiras), Transaction(0x0054, 111260.7373806425, Oeiras), Transaction(0x001b, 53280.42116647136, Oeiras), Transaction(0x005b, 283055.77588589606, Oeiras), Transaction(0x0042, 232242.408363839, Oeiras), Transaction(0x0048, 173154.84270663347, Oeiras), Transaction(0x002c, 150055.77557690415, Oeiras), Transaction(0x0077, 276910.9368091192, Oeiras), Transaction(0x0037, 156359.72521037978, Oeiras), Transaction(0x0037, 164466.52853639497, Oeiras), Transaction(0x0059, 253329.41530235854, Oeiras), Transaction(0x0036, 153466.40332607765, Oeiras), Transaction(0x0055, 188593.23492734955, Oeiras), Transaction(0x004d, 275731.3884918968, Oeiras), Transaction(0x0042, 102671.29857613688, Oeiras), Transaction(0x002b, 131300.9532469845, Oeiras), Transaction(0x004d, 157986.03383430684, Oeiras), Transaction(0x004d, 241937.3411755601, Oeiras), Transaction(0x0068, 203985.71088855286, Oeiras), Transaction(0x0053, 123455.13749544919, Oeiras), Transaction(0x0038, 168239.7369632707, Oeiras), Transaction(0x0057, 195559.6637342243, Oeiras), Transaction(0x005b, 284627.7942400141, Oeiras)]);Dict{Any, Any}(Oeiras => Transaction[Transaction(0x00b0, 2621.178617809143, Oeiras), Transaction(0x0070, 1721.5041829224044, Oeiras), Transaction(0x0033, 880.3549817021676, Oeiras), Transaction(0x0077, 1774.3571594502416, Oeiras), Transaction(0x008e, 1952.0472366589938, Oeiras), Transaction(0x0026, 645.4449412929073, Oeiras), Transaction(0x0078, 1784.9072546412003, Oeiras), Transaction(0x002a, 659.631705561441, Oeiras), Transaction(0x005f, 1394.0669896263362, Oeiras), Transaction(0x0049, 1187.7172586725458, Oeiras), Transaction(0x005f, 1453.6791292981404, Oeiras), Transaction(0x0035, 854.0804269907622, Oeiras), Transaction(0x0077, 1647.347189586178, Oeiras), Transaction(0x0066, 1494.103248602467, Oeiras), Transaction(0x0089, 1776.1004906969035, Oeiras), Transaction(0x0053, 1171.079500778388, Oeiras), Transaction(0x0068, 1434.2431996046514, Oeiras), Transaction(0x0023, 571.4282057689214, Oeiras), Transaction(0x0048, 1019.36613668502, Oeiras), Transaction(0x0039, 875.2366351573314, Oeiras), Transaction(0x0054, 1076.2355516418784, Oeiras), Transaction(0x0057, 1097.678492649894, Oeiras), Transaction(0x0014, 326.2894215190499, Oeiras), Transaction(0x005d, 1192.635691274479, Oeiras), Transaction(0x010d, 3231.963102068304, Oeiras), Transaction(0x004e, 986.8473911524516, Oeiras), Transaction(0x00e7, 2867.966272369403, Oeiras), Transaction(0x0029, 524.2062167674023, Oeiras), Transaction(0x002f, 598.0834657026201, Oeiras), Transaction(0x0076, 1222.8025818157546, Oeiras), Transaction(0x005e, 1060.1257057585558, Oeiras), Transaction(0x003a, 729.215785214644, Oeiras), Transaction(0x003d, 693.9201875, Oeiras), Transaction(0x0036, 601.8056768973296, Oeiras), Transaction(0x0020, 382.65845043157856, Oeiras), Transaction(0x0054, 896.9026568744777, Oeiras), Transaction(0x003c, 600.060060455479, Oeiras), Transaction(0x0035, 562.3768525740908, Oeiras), Transaction(0x0036, 341.7593275335663, Oeiras)]);Dict{HouseLocation, Dict{SizeInterval, Int64}}(Oeiras => Dict(LessThan75 => 3, LessThan125 => 4, More => 6, LessThan50 => 5));Dict{HouseLocation, Dict{SizeInterval, Int64}}(Oeiras => Dict(LessThan75 => 7, LessThan125 => 1, More => 2, LessThan50 => 15));Dict{HouseLocation, Dict{SizeInterval, Int64}}(Oeiras => Dict(LessThan75 => 518, LessThan125 => 707, More => 753, LessThan50 => 366));House[House(0x0049, Oeiras, NotSocialNeighbourhood, 1.0, 5), House(0x0032, Oeiras, NotSocialNeighbourhood, 1.0, 3), House(0x0030, Oeiras, NotSocialNeighbourhood, 1.0, 2), House(0x004d, Oeiras, NotSocialNeighbourhood, 1.0, 78), House(0x0055, Oeiras, NotSocialNeighbourhood, 1.0, 9), House(0x007a, Oeiras, NotSocialNeighbourhood, 1.0, 27), House(0x004c, Oeiras, NotSocialNeighbourhood, 1.0, 9), House(0x0085, Oeiras, NotSocialNeighbourhood, 1.0, 70), House(0x0081, Oeiras, NotSocialNeighbourhood, 1.0, 55), House(0x0080, Oeiras, NotSocialNeighbourhood, 1.0, 12), House(0x0090, Oeiras, NotSocialNeighbourhood, 1.0, 90), House(0x0084, Oeiras, NotSocialNeighbourhood, 1.0, 100), House(0x008e, Oeiras, NotSocialNeighbourhood, 1.0, 46), House(0x0026, Oeiras, NotSocialNeighbourhood, 1.0, 20), House(0x0022, Oeiras, NotSocialNeighbourhood, 1.0, 52), House(0x0024, Oeiras, NotSocialNeighbourhood, 1.0, 88), House(0x001c, Oeiras, NotSocialNeighbourhood, 1.0, 9), House(0x0029, Oeiras, NotSocialNeighbourhood, 1.0, 88), House(0x0044, Oeiras, NotSocialNeighbourhood, 1.0, 76), House(0x0046, Oeiras, NotSocialNeighbourhood, 1.0, 95), House(0x0040, Oeiras, NotSocialNeighbourhood, 1.0, 88)];Mortgage[Mortgage(654308.5422636056, 643193.949496879, 15, 0x01bc), Mortgage(66555.87385923995, 65526.39413467717, 15, 0x01d4), Mortgage(69950.75924789021, 67418.9377990822, 15, 0x0114), Mortgage(76776.78272239066, 74165.55858689122, 15, 0x0120), Mortgage(223421.6532985349, 215335.05438193437, 15, 0x0114), Mortgage(75379.80557248335, 73969.76401909634, 15, 0x01a4), Mortgage(13239.778082018049, 9293.238277595308, 15, 0x0030), Mortgage(76522.39147769091, 75282.39772577446, 15, 0x01c8), Mortgage(127540.89139835782, 125374.38282108335, 15, 0x01bc), Mortgage(227688.0217651451, 223820.33629824556, 15, 0x01bc), Mortgage(42220.50173409053, 39485.11475276001, 15, 0x00b4), Mortgage(149026.00242118645, 142448.7072315452, 15, 0x00f0), Mortgage(160063.09839590586, 152481.29388479685, 15, 0x00e4), Mortgage(112042.7176720073, 107987.40563773109, 15, 0x0114), Mortgage(194864.69243219204, 186831.69186954893, 15, 0x00fc), Mortgage(43803.0860322852, 42623.547933706555, 15, 0x0150), Mortgage(63454.07482154886, 58527.156471562645, 15, 0x009c), Mortgage(362911.32754659315, 355412.83600706497, 15, 0x018c), Mortgage(65563.65093637219, 63695.888023590676, 15, 0x0144), Mortgage(55451.339849779964, 54414.07671563734, 15, 0x01a4), Mortgage(96966.88245366525, 94858.51361872944, 15, 0x0180), Mortgage(122628.11223989105, 119134.70946510728, 15, 0x0144), Mortgage(155162.5417656705, 147253.2637485457, 15, 0x00d8), Mortgage(140940.50479724823, 137348.64791292683, 15, 0x015c), Mortgage(171848.81894370334, 158505.54505848305, 15, 0x009c), Mortgage(26432.73309285828, 24167.025798465005, 15, 0x0090), Mortgage(82955.00358750095, 81055.17081905251, 15, 0x0174), Mortgage(92049.26253950181, 89426.98333044708, 15, 0x0144), Mortgage(98497.79647517877, 95344.6831255194, 15, 0x012c), Mortgage(85228.18718339177, 83780.43504261642, 15, 0x01bc), Mortgage(110136.24765740572, 107476.87169808729, 15, 0x0168), Mortgage(60260.482308484796, 58724.74899644912, 15, 0x015c), Mortgage(55572.91668773775, 54533.37935837603, 15, 0x01a4), Mortgage(9349.858708054613, 7842.119950544254, 15, 0x0054), Mortgage(269330.5002470764, 264531.2571523186, 15, 0x01b0), Mortgage(47275.82735414483, 43931.17202046615, 15, 0x00a8), Mortgage(157670.90959161555, 148275.1824021183, 15, 0x00c0), Mortgage(62351.218208802304, 60094.457119749306, 15, 0x0114), Mortgage(155493.58988413357, 152112.66403967683, 15, 0x0180), Mortgage(243880.11643257295, 236073.02146843524, 15, 0x012c), Mortgage(286973.85385521554, 276587.02508809767, 15, 0x0114), Mortgage(202531.43689256304, 195643.22202527078, 15, 0x0120), Mortgage(37758.60204011039, 35312.293156709275, 15, 0x00b4), Mortgage(91521.25634318427, 87989.58097384364, 15, 0x0108), Mortgage(33981.73727261876, 33346.080796102666, 15, 0x01a4), Mortgage(147991.58325730058, 144773.7749285488, 15, 0x0180), Mortgage(112683.36592618865, 109076.14385522636, 15, 0x012c), Mortgage(135303.57162456645, 130701.81651947391, 15, 0x0120), Mortgage(126853.36484748882, 122539.00631078403, 15, 0x0120), Mortgage(134610.6927595164, 129738.54779880638, 15, 0x0114), Mortgage(143039.67842846725, 139394.32428110196, 15, 0x015c), Mortgage(65682.38576071212, 60582.44926986555, 15, 0x009c), Mortgage(132478.37182179626, 129741.09724568466, 15, 0x018c), Mortgage(54824.09591951032, 51272.145751178796, 15, 0x00b4), Mortgage(38889.54798471616, 34188.774879235476, 15, 0x006c), Mortgage(89411.85044264594, 87133.19697099611, 15, 0x015c), Mortgage(107611.6440093572, 105388.1669754107, 15, 0x018c), Mortgage(135608.49531899634, 133411.05109835448, 15, 0x01c8), Mortgage(210610.49203376684, 206670.84874215155, 15, 0x01a4), Mortgage(96259.07017723424, 93805.91588782785, 15, 0x015c), Mortgage(144060.5248240853, 139448.85654076253, 15, 0x012c), Mortgage(165108.702549306, 159823.2395970018, 15, 0x012c), Mortgage(249748.45409813538, 243717.9686872692, 15, 0x0168)];House[House(0x0028, Oeiras, NotSocialNeighbourhood, 1.0, 1), House(0x0029, Oeiras, NotSocialNeighbourhood, 1.0, 2), House(0x0025, Oeiras, NotSocialNeighbourhood, 1.0, 1), House(0x00ff, Oeiras, NotSocialNeighbourhood, 1.0, 80), House(0x001c, Oeiras, NotSocialNeighbourhood, 1.0, 1), House(0x0036, Oeiras, NotSocialNeighbourhood, 1.0, 4), House(0x0049, Oeiras, NotSocialNeighbourhood, 1.0, 5), House(0x001d, Oeiras, NotSocialNeighbourhood, 1.0, 5), House(0x0015, Oeiras, NotSocialNeighbourhood, 1.0, 14), House(0x001d, Oeiras, NotSocialNeighbourhood, 1.0, 3), House(0x0032, Oeiras, NotSocialNeighbourhood, 1.0, 2), House(0x0105, Oeiras, NotSocialNeighbourhood, 1.0, 77), House(0x0032, Oeiras, NotSocialNeighbourhood, 1.0, 3), House(0x003d, Oeiras, NotSocialNeighbourhood, 1.0, 1), House(0x0029, Oeiras, NotSocialNeighbourhood, 1.0, 1), House(0x0040, Oeiras, NotSocialNeighbourhood, 1.0, 2), House(0x0022, Oeiras, NotSocialNeighbourhood, 1.0, 4), House(0x0030, Oeiras, NotSocialNeighbourhood, 1.0, 2), House(0x0034, Oeiras, NotSocialNeighbourhood, 1.0, 2), House(0x001e, Oeiras, NotSocialNeighbourhood, 1.0, 23), House(0x0031, Oeiras, NotSocialNeighbourhood, 1.0, 1), House(0x0017, Oeiras, NotSocialNeighbourhood, 1.0, 13), House(0x002c, Oeiras, NotSocialNeighbourhood, 1.0, 6), House(0x0022, Oeiras, NotSocialNeighbourhood, 1.0, 5), House(0x0059, Oeiras, NotSocialNeighbourhood, 1.0, 2), House(0x004d, Oeiras, NotSocialNeighbourhood, 1.0, 78), House(0x0055, Oeiras, NotSocialNeighbourhood, 1.0, 9), House(0x007a, Oeiras, NotSocialNeighbourhood, 1.0, 27), House(0x004c, Oeiras, NotSocialNeighbourhood, 1.0, 9), House(0x0085, Oeiras, NotSocialNeighbourhood, 1.0, 70), House(0x0081, Oeiras, NotSocialNeighbourhood, 1.0, 55), House(0x0080, Oeiras, NotSocialNeighbourhood, 1.0, 12), House(0x0090, Oeiras, NotSocialNeighbourhood, 1.0, 90), House(0x0084, Oeiras, NotSocialNeighbourhood, 1.0, 100), House(0x008e, Oeiras, NotSocialNeighbourhood, 1.0, 46), House(0x0026, Oeiras, NotSocialNeighbourhood, 1.0, 20), House(0x0022, Oeiras, NotSocialNeighbourhood, 1.0, 52), House(0x0024, Oeiras, NotSocialNeighbourhood, 1.0, 88), House(0x001c, Oeiras, NotSocialNeighbourhood, 1.0, 9), House(0x0029, Oeiras, NotSocialNeighbourhood, 1.0, 88), House(0x0044, Oeiras, NotSocialNeighbourhood, 1.0, 76), House(0x0046, Oeiras, NotSocialNeighbourhood, 1.0, 95), House(0x0040, Oeiras, NotSocialNeighbourhood, 1.0, 88)];Dict{HouseLocation, Float64}(Oeiras => 5.407323410948291)
22;33;6.592319012268621e9;1.777045257838419e8;4.648798992679718e9;4.636243288861354e9;2395.5751649616495;Dict{HouseLocation, Int64}(Oeiras => 119);Dict{HouseLocation, Int64}(Oeiras => 6634);Dict{HouseLocation, Int64}(Oeiras => 62);Dict{HouseLocation, Int64}(Oeiras => 6303);1617.632881551409;0.21000000000000002;0.16;0.99;1.0;170;11;123;115;74720;9.236215627296064e6;2.185535710015826e7;8.972933780941898e7;1.4456574e8;0.0;1.6661627163269883e6;2.4296802486249235e8;1.5323868705307734e8;1.1474062477583197e8;Dict{Any, Any}(Oeiras => Transaction[Transaction(0x0029, 142122.70156901225, Oeiras), Transaction(0x0055, 199609.37946230947, Oeiras), Transaction(0x003d, 230705.96247683876, Oeiras), Transaction(0x003f, 235345.07274417885, Oeiras), Transaction(0x0038, 143842.89527077167, Oeiras), Transaction(0x0063, 286942.42120626126, Oeiras), Transaction(0x0020, 72959.67046379195, Oeiras), Transaction(0x004d, 215547.6451281733, Oeiras), Transaction(0x0014, 58890.16900932071, Oeiras), Transaction(0x0048, 204404.65709543446, Oeiras), Transaction(0x0024, 123886.54870618976, Oeiras), Transaction(0x002c, 57135.37319248214, Oeiras), Transaction(0x0090, 517907.01614769205, Oeiras), Transaction(0x0055, 147439.89466222882, Oeiras), Transaction(0x0031, 98017.03308029372, Oeiras), Transaction(0x0040, 219615.166788394, Oeiras), Transaction(0x003b, 123404.11232915997, Oeiras), Transaction(0x002b, 164978.64669603936, Oeiras), Transaction(0x0084, 508150.5875945422, Oeiras), Transaction(0x0041, 221343.72754105573, Oeiras), Transaction(0x0014, 62634.19640106818, Oeiras), Transaction(0x004e, 138826.0220218972, Oeiras), Transaction(0x003e, 129888.43276954768, Oeiras), Transaction(0x003c, 192101.92487981138, Oeiras), Transaction(0x002c, 88894.99521559801, Oeiras), Transaction(0x005d, 266582.18533037987, Oeiras), Transaction(0x003d, 240802.7741152126, Oeiras), Transaction(0x007a, 413650.7544400189, Oeiras), Transaction(0x003e, 134287.65394312303, Oeiras), Transaction(0x0043, 134984.16260712233, Oeiras), Transaction(0x0025, 105433.7585812334, Oeiras), Transaction(0x007b, 467118.22961769905, Oeiras), Transaction(0x0063, 173855.4312131261, Oeiras), Transaction(0x0048, 211249.06861560693, Oeiras), Transaction(0x0043, 145768.86639796346, Oeiras), Transaction(0x0032, 86299.48812117154, Oeiras), Transaction(0x0032, 71497.34417803006, Oeiras), Transaction(0x0046, 229854.77131622686, Oeiras), Transaction(0x0022, 46005.154220908844, Oeiras), Transaction(0x001e, 46954.58960647293, Oeiras), Transaction(0x0026, 70290.23755509892, Oeiras), Transaction(0x0016, 70604.59692086976, Oeiras), Transaction(0x002f, 100259.88843431021, Oeiras), Transaction(0x0049, 299493.2878308228, Oeiras), Transaction(0x0033, 88478.76909041319, Oeiras), Transaction(0x003e, 92055.9263398645, Oeiras), Transaction(0x00db, 432488.233625788, Oeiras), Transaction(0x0023, 105705.74243758361, Oeiras), Transaction(0x004c, 131641.48073723807, Oeiras), Transaction(0x0044, 210583.45739673858, Oeiras), Transaction(0x003f, 226530.23974316122, Oeiras), Transaction(0x003a, 174944.26603136247, Oeiras), Transaction(0x004a, 269920.43088689336, Oeiras), Transaction(0x0085, 404524.40325429465, Oeiras), Transaction(0x003f, 168711.5849502165, Oeiras), Transaction(0x0041, 215431.82873506192, Oeiras), Transaction(0x0030, 107644.59599843356, Oeiras), Transaction(0x0036, 192110.5685271158, Oeiras), Transaction(0x0044, 116637.08990261015, Oeiras), Transaction(0x0022, 100264.09904813304, Oeiras), Transaction(0x002e, 147803.68775349236, Oeiras), Transaction(0x004d, 243330.40194503326, Oeiras), Transaction(0x0105, 689205.2912548095, Oeiras), Transaction(0x0081, 346027.8325151213, Oeiras), Transaction(0x0063, 243477.21873409164, Oeiras), Transaction(0x0048, 178027.6328041459, Oeiras), Transaction(0x0022, 86742.7129534884, Oeiras), Transaction(0x002d, 125248.83097996892, Oeiras), Transaction(0x0019, 69136.57384832743, Oeiras), Transaction(0x00ad, 612357.9230717595, Oeiras), Transaction(0x006f, 237500.98087129858, Oeiras), Transaction(0x003e, 200386.0606475445, Oeiras), Transaction(0x002b, 142029.26175402052, Oeiras), Transaction(0x0033, 75588.09047341032, Oeiras), Transaction(0x0058, 139282.39613714948, Oeiras), Transaction(0x003e, 183826.59539379497, Oeiras), Transaction(0x001c, 45483.570727809776, Oeiras), Transaction(0x0041, 226265.27688743398, Oeiras), Transaction(0x0019, 84023.53709012282, Oeiras), Transaction(0x0027, 92433.76869408086, Oeiras), Transaction(0x004c, 201739.68323555076, Oeiras), Transaction(0x0040, 192047.82905765987, Oeiras), Transaction(0x0049, 207442.2692007481, Oeiras), Transaction(0x003e, 205414.3856367483, Oeiras), Transaction(0x0048, 218729.2221571282, Oeiras), Transaction(0x0040, 212657.02760701603, Oeiras), Transaction(0x0080, 230312.47737694514, Oeiras), Transaction(0x007a, 238357.4098620327, Oeiras), Transaction(0x008e, 329422.38166742225, Oeiras), Transaction(0x0046, 254940.1693391192, Oeiras), Transaction(0x002d, 129729.40096498864, Oeiras), Transaction(0x0054, 139368.54693699774, Oeiras), Transaction(0x0066, 167190.79465728777, Oeiras), Transaction(0x005e, 359191.5702052494, Oeiras), Transaction(0x0060, 339752.058888592, Oeiras), Transaction(0x004d, 251123.4662144147, Oeiras)]);Dict{Any, Any}(Oeiras => Transaction[Transaction(0x0088, 2388.16444748196, Oeiras), Transaction(0x00bc, 3068.179439519056, Oeiras), Transaction(0x0089, 2255.0419442236343, Oeiras), Transaction(0x0087, 2347.7032749362857, Oeiras), Transaction(0x005f, 1583.1966576389768, Oeiras), Transaction(0x0060, 1601.2655817533034, Oeiras), Transaction(0x0061, 1591.0673197168505, Oeiras), Transaction(0x007f, 2029.5104640740865, Oeiras), Transaction(0x00d2, 2828.899699989906, Oeiras), Transaction(0x0054, 1345.1513770888935, Oeiras), Transaction(0x0055, 1391.9236839996322, Oeiras), Transaction(0x005f, 1432.4901992688272, Oeiras), Transaction(0x0061, 1559.0251680798144, Oeiras), Transaction(0x0093, 2047.1724295970332, Oeiras), Transaction(0x00aa, 2366.757232787274, Oeiras), Transaction(0x004c, 1147.017900462318, Oeiras), Transaction(0x006b, 1449.4854515333034, Oeiras), Transaction(0x0035, 840.9080562550117, Oeiras), Transaction(0x0053, 1139.0822838689064, Oeiras), Transaction(0x0046, 1015.4450735726768, Oeiras), Transaction(0x005f, 1269.1124983103684, Oeiras), Transaction(0x002d, 667.8326463585441, Oeiras), Transaction(0x0076, 1551.802606860306, Oeiras), Transaction(0x0031, 711.3566729235974, Oeiras), Transaction(0x004e, 1109.2700622530467, Oeiras), Transaction(0x0030, 688.2460569090796, Oeiras), Transaction(0x004f, 1091.1165758362397, Oeiras), Transaction(0x003b, 844.7287124671283, Oeiras), Transaction(0x006d, 1498.1588931848155, Oeiras), Transaction(0x007f, 1669.2192390407, Oeiras), Transaction(0x005c, 1122.2129025335482, Oeiras), Transaction(0x0033, 685.3630825538406, Oeiras), Transaction(0x002e, 583.8674709404431, Oeiras), Transaction(0x0070, 1439.0624001326505, Oeiras), Transaction(0x0033, 693.0624552194193, Oeiras), Transaction(0x0036, 674.6433824064128, Oeiras), Transaction(0x0032, 659.6319200599278, Oeiras), Transaction(0x0024, 470.0432899621794, Oeiras), Transaction(0x0025, 477.73253124999997, Oeiras), Transaction(0x0023, 425.9275, Oeiras), Transaction(0x003c, 601.2394253550323, Oeiras), Transaction(0x0035, 540.5064035320684, Oeiras), Transaction(0x0035, 584.6183258517859, Oeiras)]);Dict{HouseLocation, Dict{SizeInterval, Int64}}(Oeiras => Dict(LessThan75 => 1, LessThan125 => 5, More => 1, LessThan50 => 3));Dict{HouseLocation, Dict{SizeInterval, Int64}}(Oeiras => Dict(LessThan75 => 6, LessThan125 => 1, More => 1, LessThan50 => 15));Dict{HouseLocation, Dict{SizeInterval, Int64}}(Oeiras => Dict(LessThan75 => 518, LessThan125 => 706, More => 773, LessThan50 => 396));House[House(0x0049, Oeiras, NotSocialNeighbourhood, 1.0, 5), House(0x0030, Oeiras, NotSocialNeighbourhood, 1.0, 2), House(0x001e, Oeiras, NotSocialNeighbourhood, 1.0, 3), House(0x001f, Oeiras, NotSocialNeighbourhood, 1.0, 58), House(0x001b, Oeiras, NotSocialNeighbourhood, 1.0, 62), House(0x0051, Oeiras, NotSocialNeighbourhood, 1.0, 54), House(0x0055, Oeiras, NotSocialNeighbourhood, 1.0, 25), House(0x004d, Oeiras, NotSocialNeighbourhood, 1.0, 56), House(0x005a, Oeiras, NotSocialNeighbourhood, 1.0, 8), House(0x0070, Oeiras, NotSocialNeighbourhood, 1.0, 44), House(0x0097, Oeiras, NotSocialNeighbourhood, 1.0, 42), House(0x0033, Oeiras, NotSocialNeighbourhood, 1.0, 32)];Mortgage[Mortgage(117684.19429201752, 110653.74606874648, 14, 0x00b4), Mortgage(172428.97413496225, 169510.3258312766, 14, 0x01a4), Mortgage(199766.32470658963, 194863.31555634714, 14, 0x0150), Mortgage(190586.5361168524, 184269.3892297455, 14, 0x0114), Mortgage(249517.3136002797, 243727.19251901546, 14, 0x015c), Mortgage(62904.80529508544, 61940.0107760346, 14, 0x01bc), Mortgage(101574.98306954453, 96812.52630574396, 14, 0x00d8), Mortgage(18633.65327084968, 16547.20702222409, 14, 0x006c), Mortgage(173636.19603167413, 165464.29329770495, 13, 0x00cc), Mortgage(99705.41572073918, 93749.0188823923, 14, 0x00b4), Mortgage(49508.44070706825, 48711.02083282297, 14, 0x01b0), Mortgage(302270.8747019429, 297634.8332769179, 14, 0x01bc), Mortgage(126648.47056460206, 124275.47699013405, 14, 0x018c), Mortgage(79577.160454346, 78356.65579038858, 14, 0x01bc), Mortgage(104192.72537904128, 99970.20312200948, 14, 0x00f0), Mortgage(136500.42676226713, 133502.2890288438, 14, 0x0168), Mortgage(203909.5174334615, 187754.98687102916, 14, 0x0090), Mortgage(189272.98895608156, 168079.72577610388, 14, 0x006c), Mortgage(28902.637702395834, 28056.90155132571, 14, 0x012c), Mortgage(117509.31947771531, 113614.37680826272, 14, 0x0114), Mortgage(111137.47969402722, 109513.26128400427, 14, 0x01c8), Mortgage(77376.12777389165, 75848.88515521467, 14, 0x0180), Mortgage(78436.47912629932, 70683.41306936467, 14, 0x0078), Mortgage(365901.7790279483, 359708.2804466739, 14, 0x01a4), Mortgage(116262.13730645672, 113240.42383502108, 14, 0x0144), Mortgage(115642.4698938348, 113235.80117686847, 14, 0x0174), Mortgage(91614.79374730612, 90064.06038764583, 14, 0x01a4), Mortgage(201665.4418099746, 197468.52427143682, 14, 0x0174), Mortgage(14779.194963135902, 13476.701674672202, 14, 0x0084), Mortgage(182304.75706972618, 179508.6808464125, 14, 0x01bc), Mortgage(125677.88872721855, 120206.91151853788, 14, 0x00e4), Mortgage(74153.6492235685, 72333.64266740327, 14, 0x0150), Mortgage(43120.89092117504, 41490.09188575945, 14, 0x00fc), Mortgage(197418.12345919452, 193719.12941399412, 14, 0x018c), Mortgage(30502.85214048272, 28511.40184021204, 14, 0x00a8), Mortgage(42324.997223017795, 40340.542358136416, 14, 0x00d8), Mortgage(33671.90668187528, 32480.918204785718, 14, 0x0108), Mortgage(88000.48055280354, 85840.6212171029, 14, 0x0150), Mortgage(209063.42250712487, 206150.2334227735, 14, 0x01d4), Mortgage(74937.17982138078, 73377.64060901906, 14, 0x0174), Mortgage(80670.86473694244, 79078.59091481725, 14, 0x0180), Mortgage(386129.9844832998, 374831.2203271618, 14, 0x012c), Mortgage(80674.08302698423, 78313.43383043363, 14, 0x012c), Mortgage(103433.66086622307, 100407.03100867063, 14, 0x012c), Mortgage(70538.89633398023, 62640.51948329238, 14, 0x006c), Mortgage(150346.54126965252, 146438.95639581903, 14, 0x0144), Mortgage(75050.06023742774, 69668.28521241728, 14, 0x009c), Mortgage(57455.70912126254, 41534.75360395785, 14, 0x0030), Mortgage(142520.10071475426, 138815.92910517022, 14, 0x0144), Mortgage(184026.80180958257, 181204.3139422174, 14, 0x01bc), Mortgage(88602.69519607653, 86656.5981028197, 14, 0x0168), Mortgage(165677.6051767524, 151076.4060363582, 14, 0x0084), Mortgage(100692.66424907833, 98597.12023917674, 14, 0x0174), Mortgage(72197.11769260286, 67483.559398269, 14, 0x00a8), Mortgage(121439.92151730674, 114185.10632651747, 14, 0x00b4), Mortgage(16821.86636758002, 16550.920840477374, 14, 0x01b0), Mortgage(487257.13350294105, 477116.68508985563, 14, 0x0174), Mortgage(72347.40739092993, 68375.32284925992, 14, 0x00c0), Mortgage(18334.403940113087, 17019.659662610888, 14, 0x009c), Mortgage(151232.7584822889, 147911.03524309982, 14, 0x0168), Mortgage(73864.47342661432, 72835.21075059341, 14, 0x01d4), Mortgage(107614.07706573431, 102163.33377190349, 14, 0x00cc), Mortgage(20784.13895747801, 19998.098756551775, 14, 0x00fc), Mortgage(330667.65352353815, 317266.991225818, 14, 0x00f0), Mortgage(67101.86754308746, 64877.72116682413, 14, 0x0114), Mortgage(119647.0557788045, 114438.61122359442, 14, 0x00e4), Mortgage(63067.4965977272, 61682.26253079268, 14, 0x0168), Mortgage(114595.84707866865, 110797.47383888987, 14, 0x0114), Mortgage(23024.906581841977, 20068.161690623605, 14, 0x0060), Mortgage(197049.83409175862, 191283.8493408251, 14, 0x012c), Mortgage(36138.682148947715, 34154.562663580255, 14, 0x00c0), Mortgage(79287.0879383957, 76659.0524487811, 14, 0x0114), Mortgage(175693.87439679314, 160209.93952775537, 14, 0x0084), Mortgage(161060.21010991774, 154969.0364425828, 14, 0x00fc), Mortgage(176598.91848771297, 153920.95676929186, 14, 0x0060), Mortgage(58965.672391433676, 57915.98447685532, 14, 0x0198), Mortgage(6399.879849578807, 3990.6088254308065, 14, 0x0024), Mortgage(87108.34853510663, 83024.17612249119, 14, 0x00d8), Mortgage(200049.1149939985, 196826.97473179028, 14, 0x01b0), Mortgage(207352.94506302965, 203661.71469699527, 14, 0x0198), Mortgage(221041.53783971333, 217651.3411259658, 14, 0x01bc), Mortgage(112292.26628622775, 109825.84410199012, 14, 0x0168), Mortgage(119668.11908871558, 114818.43985755039, 14, 0x00f0), Mortgage(144687.39317406973, 140185.0958900604, 14, 0x0120), Mortgage(138279.1316816466, 135549.79138957377, 14, 0x0180), Mortgage(15558.651080713957, 15074.506118483052, 14, 0x0120), Mortgage(207274.91881050367, 203183.74626287687, 14, 0x0180)];House[House(0x0029, Oeiras, NotSocialNeighbourhood, 1.0, 2), House(0x0028, Oeiras, NotSocialNeighbourhood, 1.0, 1), House(0x003d, Oeiras, NotSocialNeighbourhood, 1.0, 1), House(0x0015, Oeiras, NotSocialNeighbourhood, 1.0, 14), House(0x0017, Oeiras, NotSocialNeighbourhood, 1.0, 13), House(0x0034, Oeiras, NotSocialNeighbourhood, 1.0, 2), House(0x0036, Oeiras, NotSocialNeighbourhood, 1.0, 4), House(0x001c, Oeiras, NotSocialNeighbourhood, 1.0, 1), House(0x0059, Oeiras, NotSocialNeighbourhood, 1.0, 2), House(0x0032, Oeiras, NotSocialNeighbourhood, 1.0, 2), House(0x0025, Oeiras, NotSocialNeighbourhood, 1.0, 1), House(0x00ff, Oeiras, NotSocialNeighbourhood, 1.0, 80), House(0x0025, Oeiras, NotSocialNeighbourhood, 1.0, 1), House(0x001d, Oeiras, NotSocialNeighbourhood, 1.0, 5), House(0x0029, Oeiras, NotSocialNeighbourhood, 1.0, 1), House(0x001f, Oeiras, NotSocialNeighbourhood, 1.0, 13), House(0x001c, Oeiras, NotSocialNeighbourhood, 1.0, 4), House(0x0022, Oeiras, NotSocialNeighbourhood, 1.0, 4), House(0x0049, Oeiras, NotSocialNeighbourhood, 1.0, 5), House(0x0040, Oeiras, NotSocialNeighbourhood, 1.0, 2), House(0x0031, Oeiras, NotSocialNeighbourhood, 1.0, 1), House(0x001d, Oeiras, NotSocialNeighbourhood, 1.0, 3), House(0x0030, Oeiras, NotSocialNeighbourhood, 1.0, 2), House(0x001e, Oeiras, NotSocialNeighbourhood, 1.0, 3), House(0x001f, Oeiras, NotSocialNeighbourhood, 1.0, 58), House(0x001b, Oeiras, NotSocialNeighbourhood, 1.0, 62), House(0x0051, Oeiras, NotSocialNeighbourhood, 1.0, 54), House(0x0055, Oeiras, NotSocialNeighbourhood, 1.0, 25), House(0x004d, Oeiras, NotSocialNeighbourhood, 1.0, 56), House(0x005a, Oeiras, NotSocialNeighbourhood, 1.0, 8), House(0x0070, Oeiras, NotSocialNeighbourhood, 1.0, 44), House(0x0097, Oeiras, NotSocialNeighbourhood, 1.0, 42), House(0x0033, Oeiras, NotSocialNeighbourhood, 1.0, 32)];Dict{HouseLocation, Float64}(Oeiras => 5.4270400700956625)
23;36;6.559058843654549e9;1.7261648310741156e8;4.665391051632402e9;4.627508057105196e9;2409.979861832624;Dict{HouseLocation, Int64}(Oeiras => 105);Dict{HouseLocation, Int64}(Oeiras => 6580);Dict{HouseLocation, Int64}(Oeiras => 51);Dict{HouseLocation, Int64}(Oeiras => 6308);1800.0958739633356;0.21000000000000002;0.16;0.99;1.0;163;16;98;125;74804;9.23507431616073e6;2.1924384838520717e7;8.976373615473881e7;1.4456574e8;0.0;1.719838408896569e6;2.4307670144999546e8;1.533129652952582e8;1.1510302040223329e8;Dict{Any, Any}(Oeiras => Transaction[Transaction(0x0070, 257308.44326207507, Oeiras), Transaction(0x0034, 123707.43070732255, Oeiras), Transaction(0x002e, 84250.78334246541, Oeiras), Transaction(0x004e, 188735.06353513958, Oeiras), Transaction(0x003c, 205906.6719824758, Oeiras), Transaction(0x0026, 156456.6721890146, Oeiras), Transaction(0x001a, 60850.31960236789, Oeiras), Transaction(0x0055, 233646.73496555572, Oeiras), Transaction(0x0064, 328512.0107386972, Oeiras), Transaction(0x004d, 209193.115616152, Oeiras), Transaction(0x0061, 276452.0581908954, Oeiras), Transaction(0x003c, 225864.10174557287, Oeiras), Transaction(0x0057, 146421.0225228376, Oeiras), Transaction(0x0049, 265762.1686089213, Oeiras), Transaction(0x004b, 167908.38370726613, Oeiras), Transaction(0x0060, 269117.6683535528, Oeiras), Transaction(0x006c, 361617.0491426971, Oeiras), Transaction(0x0030, 142082.09031803068, Oeiras), Transaction(0x0036, 240196.96209407662, Oeiras), Transaction(0x0056, 138423.21135760273, Oeiras), Transaction(0x0049, 119225.57310831094, Oeiras), Transaction(0x0051, 215157.5660635549, Oeiras), Transaction(0x0039, 127883.58330566538, Oeiras), Transaction(0x003e, 198449.96205536943, Oeiras), Transaction(0x0044, 239966.41741147803, Oeiras), Transaction(0x0087, 523782.5087890016, Oeiras), Transaction(0x0036, 185742.32125218256, Oeiras), Transaction(0x00b4, 605826.4030433205, Oeiras), Transaction(0x0034, 154023.3409649334, Oeiras), Transaction(0x0041, 218456.32087480059, Oeiras), Transaction(0x001b, 53935.04229143903, Oeiras), Transaction(0x0024, 62810.59633188798, Oeiras), Transaction(0x001e, 72192.98352559868, Oeiras), Transaction(0x002a, 94087.16960613077, Oeiras), Transaction(0x0036, 218985.57165472364, Oeiras), Transaction(0x0032, 104226.19095037272, Oeiras), Transaction(0x003e, 194314.3319194397, Oeiras), Transaction(0x001f, 47227.36586862403, Oeiras), Transaction(0x001b, 54439.64772683575, Oeiras), Transaction(0x0033, 103461.46608931245, Oeiras), Transaction(0x0043, 198525.4511154598, Oeiras), Transaction(0x0015, 82520.37575832506, Oeiras), Transaction(0x0059, 213732.15565926733, Oeiras), Transaction(0x0061, 225284.4118029352, Oeiras), Transaction(0x004d, 126261.84934499857, Oeiras), Transaction(0x004e, 236264.15241522258, Oeiras), Transaction(0x003f, 232563.9944379068, Oeiras), Transaction(0x0030, 130022.67797523965, Oeiras), Transaction(0x001b, 75993.28290747023, Oeiras), Transaction(0x00ff, 690078.5457418782, Oeiras), Transaction(0x0029, 157467.21527916956, Oeiras), Transaction(0x0060, 230164.9727007433, Oeiras), Transaction(0x0049, 215696.46354886593, Oeiras), Transaction(0x0047, 143455.64106568528, Oeiras), Transaction(0x003e, 217874.60820804717, Oeiras), Transaction(0x0039, 180170.49991240536, Oeiras), Transaction(0x0055, 163329.73457926034, Oeiras), Transaction(0x005a, 155465.2890789673, Oeiras), Transaction(0x004b, 167397.8871956979, Oeiras), Transaction(0x001f, 85193.2551832693, Oeiras), Transaction(0x0037, 142470.99193279384, Oeiras), Transaction(0x004c, 261713.1440925165, Oeiras), Transaction(0x002e, 137737.74051778755, Oeiras), Transaction(0x0041, 149366.01123657898, Oeiras), Transaction(0x002f, 146256.962874102, Oeiras), Transaction(0x0060, 219705.1336912497, Oeiras), Transaction(0x0030, 154522.6974611142, Oeiras), Transaction(0x0044, 220020.28491619346, Oeiras), Transaction(0x0020, 118894.66454362361, Oeiras), Transaction(0x0097, 346268.00657774677, Oeiras), Transaction(0x0060, 330477.124776735, Oeiras), Transaction(0x001e, 66726.2165054479, Oeiras), Transaction(0x0014, 46026.22602050093, Oeiras), Transaction(0x006f, 386434.4036558721, Oeiras), Transaction(0x0020, 118254.22404271115, Oeiras), Transaction(0x0061, 287964.31650106976, Oeiras), Transaction(0x0062, 397843.34510328947, Oeiras), Transaction(0x0029, 139397.853575264, Oeiras), Transaction(0x0023, 49504.95581034846, Oeiras), Transaction(0x004b, 246803.5012392825, Oeiras), Transaction(0x0042, 158771.0303996247, Oeiras)]);Dict{Any, Any}(Oeiras => Transaction[Transaction(0x00b1, 3220.1997921581947, Oeiras), Transaction(0x008d, 2455.0677713705163, Oeiras), Transaction(0x00c8, 3107.9178201346376, Oeiras), Transaction(0x004f, 1453.5876715569486, Oeiras), Transaction(0x005a, 1485.372002781472, Oeiras), Transaction(0x0029, 731.6535451799311, Oeiras), Transaction(0x0042, 1111.8409908202752, Oeiras), Transaction(0x002c, 721.2202280050975, Oeiras), Transaction(0x0040, 1095.7349399547497, Oeiras), Transaction(0x0064, 1574.9301301417238, Oeiras), Transaction(0x0039, 868.3575824049356, Oeiras), Transaction(0x0021, 543.0556081167715, Oeiras), Transaction(0x0026, 494.9047295845877, Oeiras), Transaction(0x004b, 1008.7314400883641, Oeiras), Transaction(0x0034, 798.9716033819402, Oeiras), Transaction(0x0020, 537.9133459625949, Oeiras), Transaction(0x0063, 1291.1974774882417, Oeiras), Transaction(0x003b, 869.1543123370278, Oeiras), Transaction(0x0053, 1088.4149421985512, Oeiras), Transaction(0x003b, 806.0928862925068, Oeiras), Transaction(0x002c, 612.143489669516, Oeiras), Transaction(0x003a, 805.6972475409677, Oeiras), Transaction(0x0033, 720.4735900009872, Oeiras), Transaction(0x004f, 1020.2557510297373, Oeiras), Transaction(0x001b, 373.41200000000003, Oeiras), Transaction(0x0014, 292.9028516635842, Oeiras), Transaction(0x0032, 645.4297886257694, Oeiras), Transaction(0x002a, 445.2901157558097, Oeiras), Transaction(0x0047, 855.6535187805704, Oeiras), Transaction(0x004c, 850.1826196657947, Oeiras), Transaction(0x0022, 387.67140064525927, Oeiras), Transaction(0x0056, 948.2570252607695, Oeiras)]);Dict{HouseLocation, Dict{SizeInterval, Int64}}(Oeiras => Dict(LessThan75 => 1, LessThan125 => 4, More => 4, LessThan50 => 3));Dict{HouseLocation, Dict{SizeInterval, Int64}}(Oeiras => Dict(LessThan75 => 5, LessThan125 => 1, More => 1, LessThan50 => 17));Dict{HouseLocation, Dict{SizeInterval, Int64}}(Oeiras => Dict(LessThan75 => 513, LessThan125 => 692, More => 761, LessThan50 => 386));House[House(0x0030, Oeiras, NotSocialNeighbourhood, 1.0, 2), House(0x001e, Oeiras, NotSocialNeighbourhood, 1.0, 3), House(0x0060, Oeiras, NotSocialNeighbourhood, 1.0, 80), House(0x0058, Oeiras, NotSocialNeighbourhood, 1.0, 76), House(0x005f, Oeiras, NotSocialNeighbourhood, 1.0, 59), House(0x0019, Oeiras, NotSocialNeighbourhood, 1.0, 24), House(0x0020, Oeiras, NotSocialNeighbourhood, 1.0, 98), House(0x0022, Oeiras, NotSocialNeighbourhood, 1.0, 11), House(0x004b, Oeiras, NotSocialNeighbourhood, 1.0, 32), House(0x0045, Oeiras, NotSocialNeighbourhood, 1.0, 65), House(0x0087, Oeiras, NotSocialNeighbourhood, 1.0, 69), House(0x007f, Oeiras, NotSocialNeighbourhood, 1.0, 41), House(0x0089, Oeiras, NotSocialNeighbourhood, 1.0, 97), House(0x007e, Oeiras, NotSocialNeighbourhood, 1.0, 18)];Mortgage[Mortgage(101484.15542064147, 99360.18214952461, 13, 0x015c), Mortgage(105689.67831289678, 104003.45041802828, 13, 0x0198), Mortgage(73435.1245149845, 72429.76318851419, 13, 0x01bc), Mortgage(162952.70394727073, 160931.54113718923, 13, 0x01d4), Mortgage(71887.01154848322, 68559.55475929148, 13, 0x00cc), Mortgage(125795.88945586621, 123163.09317635668, 13, 0x015c), Mortgage(41466.014675881364, 39383.49978469678, 13, 0x00c0), Mortgage(203059.25198828374, 197675.08353260581, 13, 0x012c), Mortgage(124259.26909321599, 121658.63291362152, 13, 0x015c), Mortgage(181217.39037425106, 176412.36451446102, 13, 0x012c), Mortgage(194723.41533429438, 192308.18861026847, 13, 0x01d4), Mortgage(115325.25926333333, 111853.74790124496, 13, 0x0114), Mortgage(75980.82341002306, 70982.66488301594, 13, 0x009c), Mortgage(144251.34718743537, 141825.8228789289, 13, 0x018c), Mortgage(133757.30806024408, 126440.85962713242, 13, 0x00b4), Mortgage(199658.81795139276, 194967.42628556574, 13, 0x0144), Mortgage(123390.1224373872, 121315.37064312772, 13, 0x018c), Mortgage(193912.28172795533, 189075.46353776567, 13, 0x0138), Mortgage(104534.86341565107, 97658.36753811968, 13, 0x009c), Mortgage(38056.66446576337, 24802.912743171622, 13, 0x0024), Mortgage(111313.39419695432, 108983.7036850546, 13, 0x015c), Mortgage(168994.72294782577, 163907.65785390083, 13, 0x0114), Mortgage(206377.99825234024, 202294.66762861298, 13, 0x0168), Mortgage(196798.15652582393, 182482.68617056136, 13, 0x0090), Mortgage(156420.31657432945, 153325.433039021, 13, 0x0168), Mortgage(294868.8952694846, 289910.80172482424, 13, 0x018c), Mortgage(129519.8520613242, 126085.59976784636, 13, 0x012c), Mortgage(189290.31924248865, 186107.48400635715, 13, 0x018c), Mortgage(34392.29797236364, 32920.16030169796, 13, 0x00d8), Mortgage(53685.1557370213, 52261.67998190472, 13, 0x012c), Mortgage(81776.63720356674, 80657.07665272322, 13, 0x01bc), Mortgage(188335.98288972577, 182666.7087977521, 13, 0x0114), Mortgage(70066.30491395187, 67957.17483124444, 13, 0x0114), Mortgage(169072.4920241372, 164589.4912774795, 13, 0x012c), Mortgage(30746.39665467657, 30280.5823658734, 13, 0x01a4), Mortgage(46522.560482908986, 45852.778636358344, 13, 0x01b0), Mortgage(88614.17851260131, 86759.5624316711, 13, 0x015c), Mortgage(170866.92211572762, 168527.67374374293, 13, 0x01bc), Mortgage(54352.954242762586, 53215.39516726591, 13, 0x015c), Mortgage(177938.18641225115, 170873.73945458548, 13, 0x00e4), Mortgage(192039.93796926845, 185864.4955972149, 13, 0x0108), Mortgage(101765.3485882452, 99859.91716019824, 13, 0x0174), Mortgage(113430.32652149115, 110015.85626718545, 13, 0x0114), Mortgage(82412.04366690916, 80868.97915397881, 13, 0x0174), Mortgage(104645.47968684134, 102186.62043731479, 13, 0x0144), Mortgage(65667.8593380212, 64672.97764380763, 13, 0x01a4), Mortgage(435727.2856325585, 422611.05912235915, 13, 0x0114), Mortgage(128343.32654733091, 125940.25505614137, 13, 0x0174), Mortgage(199646.1805674333, 195908.05052395537, 13, 0x0174), Mortgage(122072.16233261905, 120019.57147019204, 13, 0x018c), Mortgage(189827.13700028896, 186272.8565133226, 13, 0x0174), Mortgage(155484.6984900493, 153129.07304683488, 13, 0x01a4), Mortgage(130036.94083458933, 126981.45735161312, 13, 0x0144), Mortgage(138288.39727282507, 124033.29984734212, 13, 0x006c), Mortgage(72430.64488830877, 71333.30558981666, 13, 0x01a4), Mortgage(124079.15550465399, 120984.20808296234, 13, 0x0138), Mortgage(68930.51453724454, 67211.15791061983, 13, 0x0138), Mortgage(118394.5730025747, 116600.87065622314, 13, 0x01a4), Mortgage(129694.40780116279, 126255.52711720782, 13, 0x012c), Mortgage(121549.46763266188, 117890.59566794275, 13, 0x0114), Mortgage(189289.82911421015, 186941.99717485107, 13, 0x01d4), Mortgage(131352.97627961123, 125730.50625185514, 13, 0x00d8), Mortgage(191325.1339090751, 188952.05732965237, 13, 0x01d4), Mortgage(88423.93755932397, 81262.31207704556, 13, 0x0084), Mortgage(299462.3167334635, 290447.9269831337, 13, 0x0114), Mortgage(161787.21069134236, 157497.3810588236, 13, 0x012c), Mortgage(48505.66137307756, 45603.31160765524, 13, 0x00a8), Mortgage(22985.590925165718, 22670.907395521623, 13, 0x01bc), Mortgage(53668.57345662778, 51537.84031765146, 13, 0x00e4), Mortgage(82483.72758342483, 80545.60395772338, 13, 0x0144), Mortgage(246262.74043194298, 242531.8088180241, 13, 0x01a4), Mortgage(142101.65655501402, 138333.79446928526, 13, 0x012c), Mortgage(113524.95651678531, 111511.5163744247, 13, 0x0180), Mortgage(32386.630242422307, 31625.640225740397, 13, 0x0144), Mortgage(123983.54830619517, 121388.68271787673, 13, 0x015c), Mortgage(137269.6977486489, 134396.76484849374, 13, 0x015c)];House[House(0x0015, Oeiras, NotSocialNeighbourhood, 1.0, 14), House(0x0029, Oeiras, NotSocialNeighbourhood, 1.0, 1), House(0x0030, Oeiras, NotSocialNeighbourhood, 1.0, 2), House(0x00a8, Oeiras, NotSocialNeighbourhood, 1.0, 99), House(0x0020, Oeiras, NotSocialNeighbourhood, 1.0, 5), House(0x003d, Oeiras, NotSocialNeighbourhood, 1.0, 1), House(0x001d, Oeiras, NotSocialNeighbourhood, 1.0, 5), House(0x0059, Oeiras, NotSocialNeighbourhood, 1.0, 2), House(0x0032, Oeiras, NotSocialNeighbourhood, 1.0, 2), House(0x0040, Oeiras, NotSocialNeighbourhood, 1.0, 2), House(0x001d, Oeiras, NotSocialNeighbourhood, 1.0, 3), House(0x0025, Oeiras, NotSocialNeighbourhood, 1.0, 1), House(0x0022, Oeiras, NotSocialNeighbourhood, 1.0, 4), House(0x001c, Oeiras, NotSocialNeighbourhood, 1.0, 4), House(0x0029, Oeiras, NotSocialNeighbourhood, 1.0, 2), House(0x0028, Oeiras, NotSocialNeighbourhood, 1.0, 1), House(0x001e, Oeiras, NotSocialNeighbourhood, 1.0, 3), House(0x0017, Oeiras, NotSocialNeighbourhood, 1.0, 13), House(0x0036, Oeiras, NotSocialNeighbourhood, 1.0, 4), House(0x0034, Oeiras, NotSocialNeighbourhood, 1.0, 2), House(0x002b, Oeiras, NotSocialNeighbourhood, 1.0, 1), House(0x001c, Oeiras, NotSocialNeighbourhood, 1.0, 1), House(0x0025, Oeiras, NotSocialNeighbourhood, 1.0, 1), House(0x0031, Oeiras, NotSocialNeighbourhood, 1.0, 1), House(0x0060, Oeiras, NotSocialNeighbourhood, 1.0, 80), House(0x0058, Oeiras, NotSocialNeighbourhood, 1.0, 76), House(0x005f, Oeiras, NotSocialNeighbourhood, 1.0, 59), House(0x0019, Oeiras, NotSocialNeighbourhood, 1.0, 24), House(0x0020, Oeiras, NotSocialNeighbourhood, 1.0, 98), House(0x0022, Oeiras, NotSocialNeighbourhood, 1.0, 11), House(0x004b, Oeiras, NotSocialNeighbourhood, 1.0, 32), House(0x0045, Oeiras, NotSocialNeighbourhood, 1.0, 65), House(0x0087, Oeiras, NotSocialNeighbourhood, 1.0, 69), House(0x007f, Oeiras, NotSocialNeighbourhood, 1.0, 41), House(0x0089, Oeiras, NotSocialNeighbourhood, 1.0, 97), House(0x007e, Oeiras, NotSocialNeighbourhood, 1.0, 18)];Dict{HouseLocation, Float64}(Oeiras => 5.442672383574614)
24;29;6.52673090809549e9;1.6941449888606158e8;4.681014698066071e9;4.618445917413944e9;2424.645247329234;Dict{HouseLocation, Int64}(Oeiras => 102);Dict{HouseLocation, Int64}(Oeiras => 6669);Dict{HouseLocation, Int64}(Oeiras => 59);Dict{HouseLocation, Int64}(Oeiras => 6387);1797.921903939719;0.24000000000000002;0.18;0.98;1.0;168;15;94;119;74887;9.242732115788652e6;2.204818769254375e7;8.980516636327252e7;1.4310548e8;0.0;1.6759385762234803e6;2.4323481895259807e8;1.5342965258932987e8;1.1575298538585505e8;Dict{Any, Any}(Oeiras => Transaction[Transaction(0x0060, 316339.3819664269, Oeiras), Transaction(0x0058, 278536.92680966173, Oeiras), Transaction(0x005f, 268960.90962904185, Oeiras), Transaction(0x0089, 522692.0950718948, Oeiras), Transaction(0x004b, 295196.65898443904, Oeiras), Transaction(0x004d, 309691.34708372504, Oeiras), Transaction(0x004c, 242944.89701875116, Oeiras), Transaction(0x0032, 65849.96405924977, Oeiras), Transaction(0x0027, 134026.20558797254, Oeiras), Transaction(0x0038, 221671.2760338561, Oeiras), Transaction(0x0016, 75843.73374172348, Oeiras), Transaction(0x0055, 143988.79358804636, Oeiras), Transaction(0x004f, 257942.13996361397, Oeiras), Transaction(0x0059, 200534.24782191394, Oeiras), Transaction(0x0064, 231044.84051702564, Oeiras), Transaction(0x0019, 45212.39522593599, Oeiras), Transaction(0x003d, 213445.57219311164, Oeiras), Transaction(0x00a8, 630147.7224027967, Oeiras), Transaction(0x0022, 57444.609364267715, Oeiras), Transaction(0x0060, 264470.43175174005, Oeiras), Transaction(0x0045, 203177.71009135508, Oeiras), Transaction(0x006f, 241403.4197282031, Oeiras), Transaction(0x0026, 114276.73288891479, Oeiras), Transaction(0x003c, 101545.57342958076, Oeiras), Transaction(0x0015, 87761.80199339613, Oeiras), Transaction(0x0041, 187410.27573098015, Oeiras), Transaction(0x0030, 165294.33111328297, Oeiras), Transaction(0x0020, 121646.24581125753, Oeiras), Transaction(0x004b, 157182.0572998689, Oeiras), Transaction(0x0059, 99671.65321579453, Oeiras), Transaction(0x005c, 278931.66069077404, Oeiras), Transaction(0x0028, 110694.6475057185, Oeiras), Transaction(0x0036, 66143.81079497622, Oeiras), Transaction(0x0021, 113728.49157001101, Oeiras), Transaction(0x002f, 140776.24734025373, Oeiras), Transaction(0x0051, 237829.97487266417, Oeiras), Transaction(0x00c6, 439845.4453155846, Oeiras), Transaction(0x003c, 219319.16096412073, Oeiras), Transaction(0x0087, 424750.74423013185, Oeiras), Transaction(0x0053, 248457.57310935485, Oeiras), Transaction(0x005c, 337963.1901991138, Oeiras), Transaction(0x0036, 211232.7958691782, Oeiras), Transaction(0x005e, 363327.6062289366, Oeiras), Transaction(0x0033, 166513.245746959, Oeiras), Transaction(0x0050, 118115.36990059265, Oeiras), Transaction(0x0045, 227671.02229250738, Oeiras), Transaction(0x003c, 185418.69707938455, Oeiras), Transaction(0x003d, 106004.5465303784, Oeiras), Transaction(0x0041, 160795.9949195064, Oeiras), Transaction(0x0029, 39328.44436253964, Oeiras), Transaction(0x0032, 171537.5444255137, Oeiras), Transaction(0x007f, 406373.392376942, Oeiras), Transaction(0x0029, 53904.66291838219, Oeiras), Transaction(0x0056, 275247.5771243694, Oeiras), Transaction(0x0036, 119351.97305625577, Oeiras), Transaction(0x0029, 151183.2210257415, Oeiras), Transaction(0x0058, 251793.318217307, Oeiras), Transaction(0x007e, 233393.2496083871, Oeiras), Transaction(0x0032, 51142.30101899105, Oeiras), Transaction(0x0026, 139382.4842212124, Oeiras), Transaction(0x0060, 317028.63775161613, Oeiras), Transaction(0x0031, 122605.69746871828, Oeiras), Transaction(0x007f, 289618.02976511925, Oeiras), Transaction(0x0063, 325048.256101364, Oeiras), Transaction(0x0047, 146551.0070255884, Oeiras), Transaction(0x00a0, 508653.9184137701, Oeiras), Transaction(0x0071, 480427.0533785044, Oeiras), Transaction(0x0022, 131590.80613146792, Oeiras), Transaction(0x0060, 292827.09961713734, Oeiras), Transaction(0x0067, 354872.03975697747, Oeiras), Transaction(0x004b, 175821.51099300684, Oeiras), Transaction(0x003d, 219831.2548118841, Oeiras), Transaction(0x003c, 104120.43787337193, Oeiras), Transaction(0x003f, 133716.12396879552, Oeiras), Transaction(0x003a, 181081.42391857307, Oeiras), Transaction(0x003f, 206049.00043292393, Oeiras), Transaction(0x0059, 243591.01128153008, Oeiras), Transaction(0x0051, 236920.27946853795, Oeiras), Transaction(0x0040, 62981.45593589641, Oeiras), Transaction(0x002f, 142614.79715005623, Oeiras), Transaction(0x0026, 85885.20675456456, Oeiras), Transaction(0x009f, 574685.4401984406, Oeiras)]);Dict{Any, Any}(Oeiras => Transaction[Transaction(0x00e5, 3402.5678874999994, Oeiras), Transaction(0x00a8, 3209.7048838883147, Oeiras), Transaction(0x0062, 1829.7976868643789, Oeiras), Transaction(0x0099, 2410.105659180835, Oeiras), Transaction(0x004b, 1352.3952019703788, Oeiras), Transaction(0x008e, 2187.175875046398, Oeiras), Transaction(0x0066, 1791.9723129803333, Oeiras), Transaction(0x0026, 671.407757699614, Oeiras), Transaction(0x004f, 1262.7353284970113, Oeiras), Transaction(0x0058, 1494.4300888374241, Oeiras), Transaction(0x005a, 1440.6851171673468, Oeiras), Transaction(0x003c, 1133.2249117538436, Oeiras), Transaction(0x0061, 1451.7099235631147, Oeiras), Transaction(0x0027, 673.3668053245141, Oeiras), Transaction(0x006a, 1710.6569923358302, Oeiras), Transaction(0x0022, 611.5409601680492, Oeiras), Transaction(0x0060, 1495.948240871072, Oeiras), Transaction(0x007b, 1760.4899707378245, Oeiras), Transaction(0x0065, 1379.0306878560716, Oeiras), Transaction(0x004a, 1131.4027098318204, Oeiras), Transaction(0x0035, 947.1996831898844, Oeiras), Transaction(0x0020, 541.6682473254768, Oeiras), Transaction(0x003c, 996.1533273766861, Oeiras), Transaction(0x0062, 1448.5119241168368, Oeiras), Transaction(0x0033, 864.0547740717137, Oeiras), Transaction(0x0035, 853.748828125, Oeiras), Transaction(0x0042, 1017.822746006947, Oeiras), Transaction(0x0043, 961.4687152049853, Oeiras), Transaction(0x0032, 690.3882548226461, Oeiras), Transaction(0x0027, 535.5757435823746, Oeiras), Transaction(0x0022, 454.352583776632, Oeiras), Transaction(0x0042, 881.7929950659428, Oeiras), Transaction(0x0062, 1213.6723102764915, Oeiras), Transaction(0x0075, 1437.8910918520212, Oeiras), Transaction(0x0052, 1062.0270834997957, Oeiras), Transaction(0x004c, 948.6240393814442, Oeiras), Transaction(0x0017, 155.48908080698433, Oeiras), Transaction(0x0041, 566.3894499377325, Oeiras)]);Dict{HouseLocation, Dict{SizeInterval, Int64}}(Oeiras => Dict(LessThan75 => 2, LessThan125 => 3, More => 1, LessThan50 => 3));Dict{HouseLocation, Dict{SizeInterval, Int64}}(Oeiras => Dict(LessThan75 => 2, LessThan125 => 0, More => 1, LessThan50 => 17));Dict{HouseLocation, Dict{SizeInterval, Int64}}(Oeiras => Dict(LessThan75 => 500, LessThan125 => 704, More => 731, LessThan50 => 400));House[House(0x001e, Oeiras, NotSocialNeighbourhood, 1.0, 3), House(0x0030, Oeiras, NotSocialNeighbourhood, 1.0, 2), House(0x003b, Oeiras, NotSocialNeighbourhood, 1.0, 91), House(0x001e, Oeiras, NotSocialNeighbourhood, 1.0, 72), House(0x0032, Oeiras, NotSocialNeighbourhood, 1.0, 8), House(0x0026, Oeiras, NotSocialNeighbourhood, 1.0, 63), House(0x0028, Oeiras, NotSocialNeighbourhood, 1.0, 72), House(0x0083, Oeiras, NotSocialNeighbourhood, 1.0, 55), House(0x005c, Oeiras, NotSocialNeighbourhood, 1.0, 15), House(0x004d, Oeiras, NotSocialNeighbourhood, 1.0, 70), House(0x0063, Oeiras, NotSocialNeighbourhood, 1.0, 31)];Mortgage[Mortgage(150522.26547262643, 148017.6619310586, 12, 0x0174), Mortgage(85962.46293031314, 82358.02246477963, 12, 0x00cc), Mortgage(225617.31810502583, 221153.3438558014, 12, 0x0150), Mortgage(239160.70871393685, 236279.7647161198, 12, 0x01bc), Mortgage(129252.52886225501, 125754.61627996965, 12, 0x0114), Mortgage(199686.09695976833, 195960.67656393425, 12, 0x015c), Mortgage(200849.41874803524, 195413.90645928023, 12, 0x0114), Mortgage(35138.48451577226, 34187.544923393776, 12, 0x0114), Mortgage(104865.0826531631, 102027.15835656534, 12, 0x0114), Mortgage(170185.5888719757, 164905.37675481403, 12, 0x00fc), Mortgage(48935.476770754816, 47842.63234980562, 12, 0x0138), Mortgage(123758.44346149781, 120175.80697735233, 12, 0x0108), Mortgage(41423.96739018618, 33787.30514471631, 12, 0x003c), Mortgage(172249.61372357962, 169683.92149875755, 12, 0x018c), Mortgage(197935.41373750448, 194019.1426047961, 12, 0x0150), Mortgage(25999.924556827693, 25453.735306252376, 12, 0x0144), Mortgage(486581.744933654, 478485.30579359375, 12, 0x0174), Mortgage(47068.40805629539, 46556.55865107511, 12, 0x01d4), Mortgage(32121.935766384267, 30199.00350535995, 12, 0x009c), Mortgage(96622.12706236525, 94819.50760949703, 12, 0x015c), Mortgage(88844.6589971389, 87717.24738997161, 12, 0x01b0), Mortgage(44796.84470361483, 43910.51220536949, 12, 0x0150), Mortgage(96099.06104789219, 91326.15326665869, 12, 0x00b4), Mortgage(44255.18955621836, 40986.302957340944, 12, 0x0084), Mortgage(104772.27913316649, 103123.53543932953, 12, 0x0180), Mortgage(135744.7133256998, 130874.54016994036, 12, 0x00e4), Mortgage(86936.38912470445, 85990.99196973252, 12, 0x01d4), Mortgage(239779.3940246174, 234079.08997323734, 12, 0x012c), Mortgage(96392.0736746749, 95289.14977950136, 12, 0x01c8), Mortgage(54746.7808721076, 54151.43234887736, 12, 0x01d4), Mortgage(84227.80662701683, 81205.92833243334, 12, 0x00e4), Mortgage(110247.22377030166, 107055.71848704305, 12, 0x0108), Mortgage(202027.81370259533, 197783.74676615442, 12, 0x0144), Mortgage(393959.82260824234, 387404.55874849483, 12, 0x0174), Mortgage(375117.6070193496, 370099.8705715123, 12, 0x01a4), Mortgage(70551.15970410788, 68641.86020029066, 12, 0x0114), Mortgage(70402.76659114106, 68729.07324788973, 12, 0x012c), Mortgage(183954.57431306722, 181493.91782826118, 12, 0x01a4), Mortgage(88740.49576936138, 87344.03542700558, 12, 0x0180), Mortgage(140509.74648198075, 138527.13209148182, 12, 0x0198), Mortgage(102673.75343639901, 101144.40747625183, 12, 0x018c), Mortgage(196266.5766463458, 192383.32445856443, 12, 0x0150), Mortgage(156411.59533344896, 154204.60338083905, 12, 0x0198), Mortgage(92260.17361318374, 91148.80212228226, 12, 0x01bc), Mortgage(139278.59783931554, 134957.31220727725, 12, 0x00fc), Mortgage(15238.324786546153, 14544.240738973409, 12, 0x00c0), Mortgage(148346.84127451552, 145878.43553487342, 12, 0x0174), Mortgage(348090.5225901621, 343434.31219197286, 12, 0x01a4), Mortgage(32919.54400426787, 32085.225065074123, 12, 0x0120), Mortgage(101568.48698346726, 99558.89341930735, 12, 0x0150), Mortgage(130736.40612565362, 127989.98201474486, 12, 0x0144), Mortgage(36642.46235407077, 35581.71353704592, 12, 0x0108), Mortgage(85288.53129076246, 82819.54577886463, 12, 0x0108), Mortgage(63708.08667019525, 59002.321926113145, 12, 0x0084), Mortgage(106639.72577784478, 104865.30234609287, 12, 0x0174), Mortgage(252442.33637614892, 248682.15761200027, 12, 0x018c), Mortgage(186843.61363026494, 180140.14261372617, 12, 0x00e4), Mortgage(294089.12471432233, 287911.0945327738, 12, 0x0144), Mortgage(429662.85253164294, 422513.51087941666, 12, 0x0174), Mortgage(114346.29652846401, 112968.87429875185, 12, 0x01bc), Mortgage(163223.38772991815, 151166.9769422994, 12, 0x0084), Mortgage(304267.0192851813, 299478.93666027824, 12, 0x0180), Mortgage(149834.77555099144, 140865.13792311662, 12, 0x009c), Mortgage(76038.9148971251, 72262.32515075731, 12, 0x00b4), Mortgage(115639.24244942081, 113056.74587856558, 12, 0x0138), Mortgage(155147.3685246665, 151888.13503119987, 12, 0x0144), Mortgage(179433.4909635547, 176901.65648068892, 12, 0x0198), Mortgage(26147.997443666012, 25598.6975756381, 12, 0x0144), Mortgage(53543.61703108385, 52544.68678009836, 12, 0x015c), Mortgage(123234.81446764224, 121750.32062677761, 12, 0x01bc), Mortgage(68588.46416181311, 67620.67025801532, 12, 0x0198), Mortgage(388832.0804629838, 383630.89324671205, 12, 0x01a4)];House[House(0x0020, Oeiras, NotSocialNeighbourhood, 1.0, 5), House(0x001d, Oeiras, NotSocialNeighbourhood, 1.0, 5), House(0x001e, Oeiras, NotSocialNeighbourhood, 1.0, 3), House(0x0031, Oeiras, NotSocialNeighbourhood, 1.0, 1), House(0x003d, Oeiras, NotSocialNeighbourhood, 1.0, 1), House(0x0030, Oeiras, NotSocialNeighbourhood, 1.0, 2), House(0x002b, Oeiras, NotSocialNeighbourhood, 1.0, 1), House(0x001c, Oeiras, NotSocialNeighbourhood, 1.0, 4), House(0x0031, Oeiras, NotSocialNeighbourhood, 1.0, 7), House(0x0029, Oeiras, NotSocialNeighbourhood, 1.0, 1), House(0x0022, Oeiras, NotSocialNeighbourhood, 1.0, 4), House(0x001d, Oeiras, NotSocialNeighbourhood, 1.0, 3), House(0x0126, Oeiras, NotSocialNeighbourhood, 1.0, 79), House(0x0015, Oeiras, NotSocialNeighbourhood, 1.0, 14), House(0x0025, Oeiras, NotSocialNeighbourhood, 1.0, 1), House(0x0028, Oeiras, NotSocialNeighbourhood, 1.0, 1), House(0x0034, Oeiras, NotSocialNeighbourhood, 1.0, 2), House(0x0025, Oeiras, NotSocialNeighbourhood, 1.0, 1), House(0x001c, Oeiras, NotSocialNeighbourhood, 1.0, 1), House(0x0017, Oeiras, NotSocialNeighbourhood, 1.0, 13), House(0x003b, Oeiras, NotSocialNeighbourhood, 1.0, 91), House(0x001e, Oeiras, NotSocialNeighbourhood, 1.0, 72), House(0x0032, Oeiras, NotSocialNeighbourhood, 1.0, 8), House(0x0026, Oeiras, NotSocialNeighbourhood, 1.0, 63), House(0x0028, Oeiras, NotSocialNeighbourhood, 1.0, 72), House(0x0083, Oeiras, NotSocialNeighbourhood, 1.0, 55), House(0x005c, Oeiras, NotSocialNeighbourhood, 1.0, 15), House(0x004d, Oeiras, NotSocialNeighbourhood, 1.0, 70), House(0x0063, Oeiras, NotSocialNeighbourhood, 1.0, 31)];Dict{HouseLocation, Float64}(Oeiras => 5.530272708769156)
25;34;6.493642006409771e9;1.6851357636600748e8;4.694038095909847e9;4.611324768673061e9;2436.002268544809;Dict{HouseLocation, Int64}(Oeiras => 93);Dict{HouseLocation, Int64}(Oeiras => 6738);Dict{HouseLocation, Int64}(Oeiras => 70);Dict{HouseLocation, Int64}(Oeiras => 6438);1863.6948740332539;0.24000000000000002;0.18;0.98;1.0;149;11;115;116;74933;9.152377382465221e6;2.4863597689406767e7;8.982992888594933e7;1.4310548e8;0.0;1.7989282027340203e6;2.4334958274166372e8;1.5351965385571378e8;1.1326750058507454e8;Dict{Any, Any}(Oeiras => Transaction[Transaction(0x003b, 210258.41102304732, Oeiras), Transaction(0x0031, 74126.69807578108, Oeiras), Transaction(0x0086, 485774.8577262261, Oeiras), Transaction(0x004d, 241556.11418515418, Oeiras), Transaction(0x004a, 234492.80425081233, Oeiras), Transaction(0x0043, 224955.44222114814, Oeiras), Transaction(0x0042, 129029.86714008682, Oeiras), Transaction(0x0036, 173745.5411814502, Oeiras), Transaction(0x0074, 392531.09367396316, Oeiras), Transaction(0x003b, 89589.13020053538, Oeiras), Transaction(0x0045, 168596.3811914249, Oeiras), Transaction(0x0053, 169387.83221157087, Oeiras), Transaction(0x003a, 184332.62670765477, Oeiras), Transaction(0x0052, 183271.30752760713, Oeiras), Transaction(0x001f, 73938.32611821768, Oeiras), Transaction(0x0033, 198697.22036603926, Oeiras), Transaction(0x002e, 160930.48164107202, Oeiras), Transaction(0x0045, 228013.0504933188, Oeiras), Transaction(0x00ad, 402772.3081787458, Oeiras), Transaction(0x002b, 111699.3170001111, Oeiras), Transaction(0x0058, 198136.88792475403, Oeiras), Transaction(0x0087, 304041.1436137956, Oeiras), Transaction(0x0035, 229180.34622290562, Oeiras), Transaction(0x0049, 244725.50532375096, Oeiras), Transaction(0x0069, 265524.9586745152, Oeiras), Transaction(0x0044, 195287.4855691241, Oeiras), Transaction(0x005c, 293573.5908030578, Oeiras), Transaction(0x003e, 204361.09507124353, Oeiras), Transaction(0x001f, 95767.96160619256, Oeiras), Transaction(0x003d, 135040.678041675, Oeiras), Transaction(0x003c, 177452.86959560012, Oeiras), Transaction(0x0049, 207936.4566389203, Oeiras), Transaction(0x005a, 356837.84056727606, Oeiras), Transaction(0x0065, 246162.9746818503, Oeiras), Transaction(0x0044, 193758.06860066927, Oeiras), Transaction(0x0061, 375527.0045797333, Oeiras), Transaction(0x001e, 95210.3286348958, Oeiras), Transaction(0x0026, 110449.52530211398, Oeiras), Transaction(0x0063, 207136.10478179564, Oeiras), Transaction(0x0061, 319164.43737145176, Oeiras), Transaction(0x005e, 244586.5137679107, Oeiras), Transaction(0x0053, 137058.3453742046, Oeiras), Transaction(0x003f, 181627.4956320693, Oeiras), Transaction(0x0089, 481333.5522393534, Oeiras), Transaction(0x0016, 77833.64439800159, Oeiras), Transaction(0x0019, 80382.61747194703, Oeiras), Transaction(0x0019, 79720.28987835241, Oeiras), Transaction(0x0083, 371142.31291089905, Oeiras), Transaction(0x0054, 221131.0237204737, Oeiras), Transaction(0x0028, 129021.92773890242, Oeiras), Transaction(0x0052, 235029.41456952368, Oeiras), Transaction(0x004a, 124890.45160836811, Oeiras), Transaction(0x0042, 200145.0817515881, Oeiras), Transaction(0x005c, 231447.18171410554, Oeiras), Transaction(0x005c, 167266.021305101, Oeiras), Transaction(0x0049, 278243.83898548625, Oeiras), Transaction(0x0039, 99230.17533593207, Oeiras), Transaction(0x0043, 229307.6913190606, Oeiras), Transaction(0x0057, 219637.16500743545, Oeiras), Transaction(0x002f, 78021.97386587052, Oeiras), Transaction(0x0021, 113618.54258899267, Oeiras), Transaction(0x0048, 230171.737876353, Oeiras), Transaction(0x0030, 58964.936797928334, Oeiras), Transaction(0x003b, 145015.22873120673, Oeiras), Transaction(0x0028, 49312.87210635802, Oeiras), Transaction(0x0022, 112465.8839262311, Oeiras), Transaction(0x005e, 266222.34514661244, Oeiras), Transaction(0x0060, 323276.8592137282, Oeiras), Transaction(0x0057, 312654.2151337575, Oeiras), Transaction(0x003c, 96347.14256951452, Oeiras), Transaction(0x0036, 161438.3602516651, Oeiras), Transaction(0x006f, 287613.0106017621, Oeiras)]);Dict{Any, Any}(Oeiras => Transaction[Transaction(0x00df, 3402.5678874999994, Oeiras), Transaction(0x00b8, 3128.465876747285, Oeiras), Transaction(0x0064, 1803.0858610560279, Oeiras), Transaction(0x004e, 1434.5054658943936, Oeiras), Transaction(0x0088, 2082.5788088862582, Oeiras), Transaction(0x0089, 2209.1117242639953, Oeiras), Transaction(0x0055, 1544.9263204169781, Oeiras), Transaction(0x0058, 1521.5554638461942, Oeiras), Transaction(0x0059, 1493.414339622615, Oeiras), Transaction(0x00dc, 3283.4636641212987, Oeiras), Transaction(0x005f, 1713.5100596567304, Oeiras), Transaction(0x0050, 1397.5368953766763, Oeiras), Transaction(0x0046, 1332.123159542038, Oeiras), Transaction(0x0068, 1624.2178863513386, Oeiras), Transaction(0x005a, 1403.8613454827423, Oeiras), Transaction(0x0062, 1473.4874173013206, Oeiras), Transaction(0x0021, 605.245, Oeiras), Transaction(0x0026, 697.7838242413226, Oeiras), Transaction(0x0030, 848.2890312375363, Oeiras), Transaction(0x007c, 1717.5417610497814, Oeiras), Transaction(0x0047, 1158.9193070295878, Oeiras), Transaction(0x0077, 1733.630571054661, Oeiras), Transaction(0x002e, 773.8921858263335, Oeiras), Transaction(0x005f, 1407.853797432092, Oeiras), Transaction(0x0053, 1315.8557803587134, Oeiras), Transaction(0x005a, 1389.9149166074649, Oeiras), Transaction(0x003c, 1043.9793589419019, Oeiras), Transaction(0x002c, 669.5660393289303, Oeiras), Transaction(0x0052, 1139.6337274851408, Oeiras), Transaction(0x0049, 1031.5048586981109, Oeiras), Transaction(0x0042, 960.868236711827, Oeiras), Transaction(0x0020, 554.4577459752072, Oeiras), Transaction(0x0039, 861.2470018757705, Oeiras), Transaction(0x007e, 1699.815209555489, Oeiras), Transaction(0x0018, 432.12411599829807, Oeiras), Transaction(0x0066, 1358.0273631785672, Oeiras), Transaction(0x0023, 534.2377514752798, Oeiras), Transaction(0x0090, 1964.0549489973525, Oeiras), Transaction(0x003d, 874.5355052740208, Oeiras), Transaction(0x0069, 1405.629198232781, Oeiras), Transaction(0x0057, 1223.7854632293313, Oeiras), Transaction(0x0061, 1283.955911132479, Oeiras), Transaction(0x0033, 728.808886059548, Oeiras), Transaction(0x0037, 693.9201875, Oeiras), Transaction(0x0040, 566.6743925875872, Oeiras)]);Dict{HouseLocation, Dict{SizeInterval, Int64}}(Oeiras => Dict(LessThan75 => 5, LessThan125 => 2, More => 4, LessThan50 => 2));Dict{HouseLocation, Dict{SizeInterval, Int64}}(Oeiras => Dict(LessThan75 => 5, LessThan125 => 1, More => 1, LessThan50 => 14));Dict{HouseLocation, Dict{SizeInterval, Int64}}(Oeiras => Dict(LessThan75 => 461, LessThan125 => 589, More => 579, LessThan50 => 359));House[House(0x0032, Oeiras, NotSocialNeighbourhood, 1.0, 8), House(0x001e, Oeiras, NotSocialNeighbourhood, 1.0, 3), House(0x004e, Oeiras, NotSocialNeighbourhood, 1.0, 26), House(0x006d, Oeiras, NotSocialNeighbourhood, 1.0, 25), House(0x0021, Oeiras, NotSocialNeighbourhood, 1.0, 71), House(0x0030, Oeiras, NotSocialNeighbourhood, 1.0, 66), House(0x0047, Oeiras, NotSocialNeighbourhood, 1.0, 71), House(0x003e, Oeiras, NotSocialNeighbourhood, 1.0, 64), House(0x003e, Oeiras, NotSocialNeighbourhood, 1.0, 37), House(0x003b, Oeiras, NotSocialNeighbourhood, 1.0, 68), House(0x003a, Oeiras, NotSocialNeighbourhood, 1.0, 54), House(0x009a, Oeiras, NotSocialNeighbourhood, 1.0, 53), House(0x0088, Oeiras, NotSocialNeighbourhood, 1.0, 14), House(0x0088, Oeiras, NotSocialNeighbourhood, 1.0, 14), House(0x007f, Oeiras, NotSocialNeighbourhood, 1.0, 74)];Mortgage[Mortgage(181822.52975699404, 177005.71647824193, 11, 0x0108), Mortgage(64076.651178217, 63292.27496777568, 11, 0x01a4), Mortgage(297781.99998140614, 292390.2232478937, 11, 0x0150), Mortgage(162458.24585915223, 160243.76326648286, 11, 0x018c), Mortgage(19920.97103335496, 19393.22786573241, 11, 0x0108), Mortgage(195971.50342731632, 193572.57367074597, 11, 0x01a4), Mortgage(112136.12974573685, 110607.59232975036, 11, 0x018c), Mortgage(340179.93036338815, 331755.0682756787, 11, 0x0114), Mortgage(78227.08354904749, 76891.50692725665, 11, 0x015c), Mortgage(134682.51933690655, 123071.36653394674, 11, 0x006c), Mortgage(144086.32111843463, 140269.20942288515, 11, 0x0108), Mortgage(159205.9217810366, 156781.64796101442, 11, 0x0174), Mortgage(155267.7223106005, 152616.8253241786, 11, 0x015c), Mortgage(61124.883139345315, 60018.12812134568, 11, 0x0150), Mortgage(170064.56790534884, 168089.64918445674, 11, 0x01b0), Mortgage(139573.28545239163, 133229.47190140505, 11, 0x00b4), Mortgage(33919.95544184599, 33431.47605822293, 11, 0x0180), Mortgage(356062.1513495112, 352333.8222211348, 11, 0x01c8), Mortgage(94282.92169718334, 92096.18983271412, 11, 0x0120), Mortgage(171561.89261236976, 169091.23937993337, 11, 0x0180), Mortgage(65417.07410664292, 63993.888678497664, 11, 0x012c), Mortgage(167110.8672824835, 160698.50708845785, 11, 0x00cc), Mortgage(30164.582762385573, 26677.43286679853, 11, 0x0054), Mortgage(167136.32979965612, 163923.21581984736, 11, 0x0144), Mortgage(135263.5672245875, 133772.4560295987, 11, 0x01bc), Mortgage(22786.201948980743, 21055.34908451105, 11, 0x0078), Mortgage(84021.27133138663, 82406.00359253064, 11, 0x0144), Mortgage(117144.27755941944, 114892.23626874409, 11, 0x0144), Mortgage(153495.9239895313, 151285.43776210662, 11, 0x0180), Mortgage(180198.75895600786, 176935.9980234885, 11, 0x0150), Mortgage(294134.49678083835, 289655.6272002715, 11, 0x0174), Mortgage(108717.07358652263, 103775.72078819627, 11, 0x00b4), Mortgage(319671.5960021545, 314803.8657536617, 11, 0x0174), Mortgage(62593.99787820207, 61043.80119529104, 11, 0x0114), Mortgage(109084.94297430832, 90681.4224233068, 11, 0x003c), Mortgage(262138.87979394695, 259249.12739185648, 11, 0x01bc), Mortgage(14851.509926596045, 14363.895779324124, 11, 0x00e4), Mortgage(115830.85728517003, 113964.14742555971, 11, 0x0168), Mortgage(156050.2354007291, 154139.99056065993, 11, 0x01a4), Mortgage(428632.23489089415, 421314.16592687235, 11, 0x015c), Mortgage(30426.58527477229, 29875.66764182271, 11, 0x0150), Mortgage(49335.63630636102, 48262.31164856564, 11, 0x012c), Mortgage(51001.60874315536, 50130.85461017822, 11, 0x015c), Mortgage(322201.04489939846, 317561.0456492521, 11, 0x0180), Mortgage(192515.9382835683, 190600.07906457243, 11, 0x01d4), Mortgage(109917.34282187473, 107804.23580757242, 11, 0x0144), Mortgage(5765.5902275226545, 4971.609399188217, 11, 0x0048), Mortgage(164906.5713575973, 153759.5759725418, 11, 0x0084), Mortgage(117463.65250409173, 115063.03910228779, 11, 0x0138), Mortgage(145029.1899769265, 143585.90422553313, 11, 0x01d4), Mortgage(90500.77030641426, 88862.12207470938, 11, 0x0150), Mortgage(86622.53434186101, 84957.2585972403, 11, 0x0144), Mortgage(191320.76836231016, 188978.7692642398, 11, 0x01a4), Mortgage(68116.76582935684, 67365.86391113416, 11, 0x01bc), Mortgage(89951.34123815453, 88415.59552188884, 11, 0x015c), Mortgage(47428.460650762514, 45272.766526320855, 11, 0x00b4), Mortgage(25810.639868180544, 25077.795814013596, 11, 0x00fc), Mortgage(124381.29300716266, 122685.84069717732, 11, 0x018c), Mortgage(42488.658119709806, 41995.247602870695, 11, 0x01b0), Mortgage(77972.52026888516, 76041.46064054448, 11, 0x0114), Mortgage(57724.60746808315, 56937.75828273883, 11, 0x018c), Mortgage(109907.39573058029, 107794.47994423028, 11, 0x0144), Mortgage(259117.2068424661, 254693.2801400785, 11, 0x015c), Mortgage(72095.80827035097, 70622.3808750836, 11, 0x0138), Mortgage(139695.9668169323, 137166.56791540002, 11, 0x0150), Mortgage(52871.91377382685, 50468.80660344071, 11, 0x00b4)];House[House(0x0126, Oeiras, NotSocialNeighbourhood, 1.0, 79), House(0x0032, Oeiras, NotSocialNeighbourhood, 1.0, 8), House(0x003d, Oeiras, NotSocialNeighbourhood, 1.0, 1), House(0x0025, Oeiras, NotSocialNeighbourhood, 1.0, 1), House(0x001d, Oeiras, NotSocialNeighbourhood, 1.0, 5), House(0x0037, Oeiras, NotSocialNeighbourhood, 1.0, 2), House(0x0055, Oeiras, NotSocialNeighbourhood, 1.0, 1), House(0x0022, Oeiras, NotSocialNeighbourhood, 1.0, 4), House(0x0031, Oeiras, NotSocialNeighbourhood, 1.0, 1), House(0x001d, Oeiras, NotSocialNeighbourhood, 1.0, 3), House(0x001e, Oeiras, NotSocialNeighbourhood, 1.0, 3), House(0x0025, Oeiras, NotSocialNeighbourhood, 1.0, 1), House(0x0015, Oeiras, NotSocialNeighbourhood, 1.0, 14), House(0x001c, Oeiras, NotSocialNeighbourhood, 1.0, 1), House(0x0029, Oeiras, NotSocialNeighbourhood, 1.0, 1), House(0x0017, Oeiras, NotSocialNeighbourhood, 1.0, 13), House(0x0020, Oeiras, NotSocialNeighbourhood, 1.0, 5), House(0x002b, Oeiras, NotSocialNeighbourhood, 1.0, 1), House(0x001c, Oeiras, NotSocialNeighbourhood, 1.0, 4), House(0x0034, Oeiras, NotSocialNeighbourhood, 1.0, 2), House(0x0035, Oeiras, NotSocialNeighbourhood, 1.0, 6), House(0x004e, Oeiras, NotSocialNeighbourhood, 1.0, 26), House(0x006d, Oeiras, NotSocialNeighbourhood, 1.0, 25), House(0x0021, Oeiras, NotSocialNeighbourhood, 1.0, 71), House(0x0030, Oeiras, NotSocialNeighbourhood, 1.0, 66), House(0x0047, Oeiras, NotSocialNeighbourhood, 1.0, 71), House(0x003e, Oeiras, NotSocialNeighbourhood, 1.0, 64), House(0x003e, Oeiras, NotSocialNeighbourhood, 1.0, 37), House(0x003b, Oeiras, NotSocialNeighbourhood, 1.0, 68), House(0x003a, Oeiras, NotSocialNeighbourhood, 1.0, 54), House(0x009a, Oeiras, NotSocialNeighbourhood, 1.0, 53), House(0x0088, Oeiras, NotSocialNeighbourhood, 1.0, 14), House(0x0088, Oeiras, NotSocialNeighbourhood, 1.0, 14), House(0x007f, Oeiras, NotSocialNeighbourhood, 1.0, 74)];Dict{HouseLocation, Float64}(Oeiras => 5.555312042005802)
26;29;6.460263318045519e9;1.6946498502245784e8;4.707281764578701e9;4.602050864814083e9;2449.817554872449;Dict{HouseLocation, Int64}(Oeiras => 100);Dict{HouseLocation, Int64}(Oeiras => 6755);Dict{HouseLocation, Int64}(Oeiras => 61);Dict{HouseLocation, Int64}(Oeiras => 6474);1811.729230927432;0.24000000000000002;0.18;0.98;1.0;171;7;111;98;74971;9.167443495058142e6;2.4931989554774247e7;8.985402990064111e7;1.4310548e8;0.0;1.9937732564436677e6;2.4344087485884854e8;1.5358684495821077e8;1.1357906352730648e8;Dict{Any, Any}(Oeiras => Transaction[Transaction(0x003e, 137570.37393346644, Oeiras), Transaction(0x004c, 309339.2252219506, Oeiras), Transaction(0x0082, 449154.0217584902, Oeiras), Transaction(0x004a, 253756.1653238274, Oeiras), Transaction(0x009c, 420667.75609070953, Oeiras), Transaction(0x0059, 186574.95311504797, Oeiras), Transaction(0x005d, 196629.71345683135, Oeiras), Transaction(0x005d, 333683.2192088186, Oeiras), Transaction(0x004a, 236458.54931912685, Oeiras), Transaction(0x004b, 247496.1622787738, Oeiras), Transaction(0x0056, 283059.3792080422, Oeiras), Transaction(0x0091, 423155.540588062, Oeiras), Transaction(0x004d, 231305.66433096337, Oeiras), Transaction(0x0047, 226752.55011498946, Oeiras), Transaction(0x0057, 278096.9989843889, Oeiras), Transaction(0x005f, 396226.29988346307, Oeiras), Transaction(0x003a, 161484.38930900724, Oeiras), Transaction(0x0088, 245975.7639410324, Oeiras), Transaction(0x0065, 357311.2406228818, Oeiras), Transaction(0x0052, 262570.001151494, Oeiras), Transaction(0x002c, 172124.56654773993, Oeiras), Transaction(0x0043, 110954.89310323619, Oeiras), Transaction(0x0057, 194294.52030373158, Oeiras), Transaction(0x003c, 205254.5649784196, Oeiras), Transaction(0x0088, 245070.16739018026, Oeiras), Transaction(0x007f, 428358.3034791837, Oeiras), Transaction(0x0043, 219029.58292430328, Oeiras), Transaction(0x0052, 153290.31058338724, Oeiras), Transaction(0x0087, 388575.8699353876, Oeiras), Transaction(0x001b, 63580.09412804986, Oeiras), Transaction(0x003f, 191805.62172694807, Oeiras), Transaction(0x0034, 187786.13082223927, Oeiras), Transaction(0x003b, 135319.4625557977, Oeiras), Transaction(0x001f, 80466.35382146641, Oeiras), Transaction(0x004c, 323559.05300754507, Oeiras), Transaction(0x004c, 179533.51618303813, Oeiras), Transaction(0x0032, 80772.07434100255, Oeiras), Transaction(0x0032, 158676.5789152791, Oeiras), Transaction(0x003e, 185820.85157172795, Oeiras), Transaction(0x001f, 70279.45274582636, Oeiras), Transaction(0x0053, 292397.4681447734, Oeiras), Transaction(0x0049, 209681.15351447777, Oeiras), Transaction(0x003d, 212856.1338792604, Oeiras), Transaction(0x0015, 72321.7926250933, Oeiras), Transaction(0x004b, 245408.56501549584, Oeiras), Transaction(0x0054, 149383.01478035358, Oeiras), Transaction(0x0066, 343137.43669781164, Oeiras), Transaction(0x0059, 194272.44207874822, Oeiras), Transaction(0x0074, 462974.5414716348, Oeiras), Transaction(0x006d, 209511.65745567833, Oeiras), Transaction(0x0025, 39183.889968736636, Oeiras), Transaction(0x004e, 157891.7291076526, Oeiras), Transaction(0x0051, 351453.68609460467, Oeiras), Transaction(0x00b2, 369485.8245216579, Oeiras), Transaction(0x009a, 432812.41951656097, Oeiras), Transaction(0x005e, 233218.13095599646, Oeiras), Transaction(0x0041, 220286.85040699918, Oeiras), Transaction(0x0050, 137600.93299445554, Oeiras), Transaction(0x0036, 162439.401471997, Oeiras), Transaction(0x0066, 413435.92237602384, Oeiras), Transaction(0x0039, 90376.03426775326, Oeiras), Transaction(0x0034, 184480.86093089366, Oeiras), Transaction(0x0038, 140392.64152912004, Oeiras), Transaction(0x0049, 309752.54120936897, Oeiras), Transaction(0x003b, 182055.28029179666, Oeiras), Transaction(0x0030, 145799.56596086995, Oeiras), Transaction(0x005d, 270802.61328600615, Oeiras), Transaction(0x0089, 470451.652279395, Oeiras), Transaction(0x004b, 247789.98594498317, Oeiras), Transaction(0x0033, 149163.9701169206, Oeiras), Transaction(0x0055, 173407.04138477848, Oeiras), Transaction(0x0048, 291686.1707664565, Oeiras), Transaction(0x0020, 58443.95570032524, Oeiras), Transaction(0x0058, 194525.86479811644, Oeiras), Transaction(0x0021, 105306.78648080917, Oeiras), Transaction(0x0054, 242580.77561809344, Oeiras), Transaction(0x0021, 96591.91347678937, Oeiras), Transaction(0x0034, 157867.65621285778, Oeiras), Transaction(0x0047, 113349.1734799476, Oeiras), Transaction(0x0055, 143731.93128575548, Oeiras), Transaction(0x002f, 145249.0734390573, Oeiras)]);Dict{Any, Any}(Oeiras => Transaction[Transaction(0x0064, 1899.8927368786492, Oeiras), Transaction(0x006f, 2199.3227351180894, Oeiras), Transaction(0x0074, 1929.8716869431144, Oeiras), Transaction(0x005a, 1698.2573924714798, Oeiras), Transaction(0x005d, 1765.966284834478, Oeiras), Transaction(0x006a, 1674.7912960937501, Oeiras), Transaction(0x0059, 1774.9893675408164, Oeiras), Transaction(0x005f, 1513.6155396551085, Oeiras), Transaction(0x0087, 2169.072435523519, Oeiras), Transaction(0x0033, 937.1116726184011, Oeiras), Transaction(0x0065, 1566.6412606735828, Oeiras), Transaction(0x0094, 2290.974815508844, Oeiras), Transaction(0x005b, 1446.7016993628565, Oeiras), Transaction(0x004b, 1191.1385900916682, Oeiras), Transaction(0x0046, 1204.321245775675, Oeiras), Transaction(0x0053, 1325.066009216713, Oeiras), Transaction(0x0025, 589.4722685562288, Oeiras), Transaction(0x004c, 1224.4643737793415, Oeiras), Transaction(0x0052, 1299.1659258902346, Oeiras), Transaction(0x0044, 988.9256597050844, Oeiras), Transaction(0x0027, 780.2679291716315, Oeiras), Transaction(0x00a7, 2276.4132722920594, Oeiras), Transaction(0x0032, 794.5269001797524, Oeiras), Transaction(0x0047, 1081.16523436546, Oeiras), Transaction(0x002e, 745.010197542294, Oeiras), Transaction(0x0043, 1006.5033702948734, Oeiras), Transaction(0x002a, 650.2651788396535, Oeiras), Transaction(0x0042, 994.8739662281004, Oeiras), Transaction(0x0035, 787.9764512881098, Oeiras), Transaction(0x0049, 879.0908685663111, Oeiras), Transaction(0x0030, 587.4472416269756, Oeiras), Transaction(0x0033, 722.5920449128827, Oeiras), Transaction(0x0018, 315.08301019834, Oeiras), Transaction(0x0030, 642.7669184255595, Oeiras), Transaction(0x003c, 795.8098949943678, Oeiras), Transaction(0x0048, 795.9262258897772, Oeiras), Transaction(0x0044, 679.073387284394, Oeiras)]);Dict{HouseLocation, Dict{SizeInterval, Int64}}(Oeiras => Dict(LessThan75 => 4, LessThan125 => 1, More => 2, LessThan50 => 3));Dict{HouseLocation, Dict{SizeInterval, Int64}}(Oeiras => Dict(LessThan75 => 4, LessThan125 => 1, More => 1, LessThan50 => 13));Dict{HouseLocation, Dict{SizeInterval, Int64}}(Oeiras => Dict(LessThan75 => 462, LessThan125 => 587, More => 559, LessThan50 => 349));House[House(0x001e, Oeiras, NotSocialNeighbourhood, 1.0, 3), House(0x002e, Oeiras, NotSocialNeighbourhood, 1.0, 63), House(0x002d, Oeiras, NotSocialNeighbourhood, 1.0, 65), House(0x002d, Oeiras, NotSocialNeighbourhood, 1.0, 39), House(0x0089, Oeiras, NotSocialNeighbourhood, 1.0, 4), House(0x0092, Oeiras, NotSocialNeighbourhood, 1.0, 93), House(0x003f, Oeiras, NotSocialNeighbourhood, 1.0, 9), House(0x0034, Oeiras, NotSocialNeighbourhood, 1.0, 50), House(0x0035, Oeiras, NotSocialNeighbourhood, 1.0, 28), House(0x0043, Oeiras, NotSocialNeighbourhood, 1.0, 81), House(0x0075, Oeiras, NotSocialNeighbourhood, 1.0, 55)];Mortgage[Mortgage(266831.77404828893, 262176.1993373521, 10, 0x0144), Mortgage(400434.25680696894, 395480.4140040571, 10, 0x018c), Mortgage(219212.27667027025, 217129.06312319194, 10, 0x01c8), Mortgage(368602.3321446446, 364507.24477472686, 10, 0x01a4), Mortgage(158623.65032208432, 156431.4972323132, 10, 0x0174), Mortgage(250571.62107555819, 244547.07286135005, 10, 0x0108), Mortgage(198820.67299238266, 194895.01556233768, 10, 0x012c), Mortgage(145769.6552595981, 144384.3801043818, 10, 0x01c8), Mortgage(377813.86836048256, 372592.54205004213, 10, 0x0174), Mortgage(197525.47968099907, 195443.6797106095, 10, 0x01b0), Mortgage(31384.736540631682, 30090.1023205063, 10, 0x00b4), Mortgage(204498.4241130285, 200460.66110795827, 10, 0x012c), Mortgage(140693.89242951263, 138749.5256823408, 10, 0x0174), Mortgage(51629.24926741977, 50609.84447945762, 10, 0x012c), Mortgage(117027.51657377076, 115794.1168071609, 10, 0x01b0), Mortgage(31649.240241973224, 30937.8664065545, 10, 0x0114), Mortgage(149310.9866531169, 147127.1266105311, 10, 0x0168), Mortgage(85911.41625226714, 83845.82930694179, 10, 0x0108), Mortgage(176987.77021693502, 175217.03779912772, 10, 0x01bc), Mortgage(190790.206689591, 186501.85221234482, 10, 0x0114), Mortgage(378617.4680368039, 375197.84656085883, 10, 0x01d4), Mortgage(13319.062419079943, 12815.198584701895, 10, 0x00c0), Mortgage(44171.63078727048, 39537.19132957394, 10, 0x0054), Mortgage(337648.8636781479, 332710.3264791118, 10, 0x0168), Mortgage(37030.2459336005, 36488.63224344793, 10, 0x0168), Mortgage(164475.51178045772, 161424.80506597308, 10, 0x0138), Mortgage(117493.05321313094, 116187.73233936784, 10, 0x01a4), Mortgage(30354.552024764154, 29572.35328571262, 10, 0x00fc), Mortgage(83426.32342721499, 81551.16613378351, 10, 0x0114), Mortgage(156012.59504078326, 154451.71566879982, 10, 0x01bc), Mortgage(70373.57531606685, 69737.97075524805, 10, 0x01d4), Mortgage(130999.14053780289, 125595.36823187038, 10, 0x00b4), Mortgage(161381.42209858238, 155761.28071959317, 10, 0x00cc), Mortgage(50097.48222355348, 49321.220708982284, 10, 0x015c), Mortgage(92003.37042018704, 89632.558942803, 10, 0x00fc), Mortgage(12444.30209032711, 10538.897825289105, 10, 0x003c), Mortgage(183662.1532983871, 181390.0364132349, 10, 0x018c), Mortgage(45184.71218316113, 44655.185291785136, 10, 0x0198), Mortgage(197772.7315179383, 195794.04911164628, 10, 0x01bc), Mortgage(129205.32525057584, 127315.53566824878, 10, 0x0168), Mortgage(116786.4905134014, 113777.04911089581, 10, 0x00fc), Mortgage(213080.89757924515, 210835.15284298398, 10, 0x01b0), Mortgage(181395.4248719854, 179151.3500839075, 10, 0x018c), Mortgage(23738.030102675762, 23204.4750033963, 10, 0x0114), Mortgage(134203.24783514664, 132712.28053167343, 10, 0x01a4), Mortgage(181774.19077939447, 177688.48754335337, 10, 0x0114), Mortgage(314181.4154714839, 308699.7030414992, 10, 0x0144), Mortgage(382806.27383529796, 378070.50991821964, 10, 0x018c), Mortgage(191111.32701783508, 189199.29082603572, 10, 0x01bc), Mortgage(119873.52829542443, 118390.55173857056, 10, 0x018c), Mortgage(141297.55572435324, 139641.66699945775, 10, 0x0198), Mortgage(367809.81490475545, 362726.74298859155, 10, 0x0174), Mortgage(49404.978585465746, 47535.97450963999, 10, 0x00c0), Mortgage(160678.1855508914, 158188.47377021343, 10, 0x015c), Mortgage(121172.24487904391, 118621.62264451738, 10, 0x0120), Mortgage(260950.5621307114, 257344.26773582885, 10, 0x0174), Mortgage(158128.14094230175, 154573.92538294767, 10, 0x0114), Mortgage(126992.4693023662, 124905.61604281727, 10, 0x0150), Mortgage(96497.34581857602, 93621.924144931, 10, 0x00e4), Mortgage(410673.50982161274, 404666.89578234265, 10, 0x0168), Mortgage(65899.59968351072, 64418.38716084023, 10, 0x0114), Mortgage(119627.38351672546, 115101.84633859771, 10, 0x00c0), Mortgage(146572.79538307426, 144547.1831517142, 10, 0x0174), Mortgage(254812.7445076837, 251981.8333583804, 10, 0x01a4), Mortgage(32087.850278776426, 31131.698590151344, 10, 0x00e4), Mortgage(84695.8060544565, 81491.74016366192, 10, 0x00c0), Mortgage(9768.590689534089, 8743.680779467775, 10, 0x0054), Mortgage(82866.19678689685, 80200.72415827362, 10, 0x00d8), Mortgage(125219.73704102077, 123489.22060858825, 10, 0x0174), Mortgage(117557.86882771147, 115506.76586916023, 10, 0x0144)];House[House(0x0034, Oeiras, NotSocialNeighbourhood, 1.0, 2), House(0x0015, Oeiras, NotSocialNeighbourhood, 1.0, 14), House(0x0037, Oeiras, NotSocialNeighbourhood, 1.0, 2), House(0x001d, Oeiras, NotSocialNeighbourhood, 1.0, 5), House(0x0055, Oeiras, NotSocialNeighbourhood, 1.0, 1), House(0x0017, Oeiras, NotSocialNeighbourhood, 1.0, 13), House(0x0035, Oeiras, NotSocialNeighbourhood, 1.0, 6), House(0x0031, Oeiras, NotSocialNeighbourhood, 1.0, 1), House(0x0020, Oeiras, NotSocialNeighbourhood, 1.0, 5), House(0x003d, Oeiras, NotSocialNeighbourhood, 1.0, 1), House(0x001c, Oeiras, NotSocialNeighbourhood, 1.0, 4), House(0x0022, Oeiras, NotSocialNeighbourhood, 1.0, 4), House(0x001e, Oeiras, NotSocialNeighbourhood, 1.0, 3), House(0x0025, Oeiras, NotSocialNeighbourhood, 1.0, 1), House(0x0126, Oeiras, NotSocialNeighbourhood, 1.0, 79), House(0x0029, Oeiras, NotSocialNeighbourhood, 1.0, 1), House(0x001d, Oeiras, NotSocialNeighbourhood, 1.0, 3), House(0x002b, Oeiras, NotSocialNeighbourhood, 1.0, 1), House(0x001c, Oeiras, NotSocialNeighbourhood, 1.0, 1), House(0x002e, Oeiras, NotSocialNeighbourhood, 1.0, 63), House(0x002d, Oeiras, NotSocialNeighbourhood, 1.0, 65), House(0x002d, Oeiras, NotSocialNeighbourhood, 1.0, 39), House(0x0089, Oeiras, NotSocialNeighbourhood, 1.0, 4), House(0x0092, Oeiras, NotSocialNeighbourhood, 1.0, 93), House(0x003f, Oeiras, NotSocialNeighbourhood, 1.0, 9), House(0x0034, Oeiras, NotSocialNeighbourhood, 1.0, 50), House(0x0035, Oeiras, NotSocialNeighbourhood, 1.0, 28), House(0x0043, Oeiras, NotSocialNeighbourhood, 1.0, 81), House(0x0075, Oeiras, NotSocialNeighbourhood, 1.0, 55)];Dict{HouseLocation, Float64}(Oeiras => 5.575415610985816)
27;33;6.427122900804298e9;1.691009119760609e8;4.720703492577942e9;4.595164089457669e9;2458.9625550344927;Dict{HouseLocation, Int64}(Oeiras => 101);Dict{HouseLocation, Int64}(Oeiras => 6733);Dict{HouseLocation, Int64}(Oeiras => 81);Dict{HouseLocation, Int64}(Oeiras => 6504);1998.0314390878216;0.24000000000000002;0.18;0.98;1.0;166;8;120;133;75023;9.170374878031556e6;2.499983579401888e7;8.990240116602704e7;1.4310548e8;0.0;2.1994510026288447e6;2.4357189284061724e8;1.5366949167459553e8;1.1388814083941804e8;Dict{Any, Any}(Oeiras => Transaction[Transaction(0x0022, 36836.862728532986, Oeiras), Transaction(0x0035, 108775.85079925087, Oeiras), Transaction(0x0043, 224612.13943849874, Oeiras), Transaction(0x0046, 256727.7266807518, Oeiras), Transaction(0x002e, 139452.44763249706, Oeiras), Transaction(0x0036, 181721.17120758462, Oeiras), Transaction(0x0015, 92246.53706205853, Oeiras), Transaction(0x002e, 143216.28108511664, Oeiras), Transaction(0x0059, 292953.4811879609, Oeiras), Transaction(0x0029, 78213.80752186451, Oeiras), Transaction(0x0033, 217060.6847433493, Oeiras), Transaction(0x002d, 155501.98048532414, Oeiras), Transaction(0x0054, 324097.0411053922, Oeiras), Transaction(0x0049, 238018.20755333843, Oeiras), Transaction(0x0062, 231366.61586657303, Oeiras), Transaction(0x005a, 212426.1972853102, Oeiras), Transaction(0x0054, 204868.76897644837, Oeiras), Transaction(0x0036, 229801.37551957817, Oeiras), Transaction(0x002d, 137529.94132042633, Oeiras), Transaction(0x004f, 121153.86721089254, Oeiras), Transaction(0x003c, 146242.0372953721, Oeiras), Transaction(0x0092, 546949.2583080684, Oeiras), Transaction(0x0047, 249573.65334371908, Oeiras), Transaction(0x0055, 241170.563078091, Oeiras), Transaction(0x003e, 246341.0215342054, Oeiras), Transaction(0x0021, 117103.52633374781, Oeiras), Transaction(0x0023, 89881.15956882198, Oeiras), Transaction(0x0046, 124880.33343833593, Oeiras), Transaction(0x004b, 175108.4251324867, Oeiras), Transaction(0x0051, 147577.49933325374, Oeiras), Transaction(0x0031, 147405.6773202938, Oeiras), Transaction(0x001d, 30537.909275662474, Oeiras), Transaction(0x003c, 88499.45878609378, Oeiras), Transaction(0x0047, 241790.87320938523, Oeiras), Transaction(0x0051, 340187.95309725864, Oeiras), Transaction(0x0061, 351515.3476473293, Oeiras), Transaction(0x003e, 103013.26738468719, Oeiras), Transaction(0x0093, 341103.0949500301, Oeiras), Transaction(0x0039, 152834.6848477825, Oeiras), Transaction(0x0040, 152437.2900026311, Oeiras), Transaction(0x002d, 101879.41882280029, Oeiras), Transaction(0x002e, 98573.52743645017, Oeiras), Transaction(0x0049, 183559.39656084406, Oeiras), Transaction(0x0075, 337529.47848179267, Oeiras), Transaction(0x002a, 98896.99948101025, Oeiras), Transaction(0x001e, 68701.16838428885, Oeiras), Transaction(0x0040, 100623.2540788958, Oeiras), Transaction(0x0060, 306819.04129000194, Oeiras), Transaction(0x00e5, 508509.7626638142, Oeiras), Transaction(0x0033, 196612.0153913041, Oeiras), Transaction(0x003f, 108939.40397099446, Oeiras), Transaction(0x0044, 252919.59672111584, Oeiras), Transaction(0x0039, 93750.26344186788, Oeiras), Transaction(0x006f, 372042.0326143189, Oeiras), Transaction(0x0048, 116045.00593998673, Oeiras), Transaction(0x0035, 162373.69123939963, Oeiras), Transaction(0x002f, 146331.2212271483, Oeiras), Transaction(0x003b, 190295.4553311845, Oeiras), Transaction(0x0029, 95448.74543245335, Oeiras), Transaction(0x006f, 256868.76932881618, Oeiras), Transaction(0x0034, 191815.9413297018, Oeiras), Transaction(0x0041, 146914.55485986668, Oeiras), Transaction(0x0041, 211591.0036511107, Oeiras), Transaction(0x0051, 216825.15359608477, Oeiras), Transaction(0x0034, 129710.01745759194, Oeiras), Transaction(0x003d, 89799.7062757495, Oeiras), Transaction(0x0022, 107460.33825465733, Oeiras), Transaction(0x0022, 72055.95400825652, Oeiras), Transaction(0x0033, 195755.6089936385, Oeiras), Transaction(0x0042, 145922.05896842823, Oeiras), Transaction(0x003f, 104456.23158573311, Oeiras), Transaction(0x0040, 184142.63577359827, Oeiras), Transaction(0x0049, 217674.76120900316, Oeiras), Transaction(0x0032, 161623.70468585278, Oeiras), Transaction(0x003b, 98276.55672388033, Oeiras), Transaction(0x0036, 208993.1689444397, Oeiras), Transaction(0x0034, 153132.5278252737, Oeiras), Transaction(0x0017, 50979.38172379977, Oeiras), Transaction(0x003f, 94658.04966387319, Oeiras), Transaction(0x0031, 201835.86207944402, Oeiras), Transaction(0x00e5, 491239.1715370366, Oeiras)]);Dict{Any, Any}(Oeiras => Transaction[Transaction(0x00a6, 3386.6318118934605, Oeiras), Transaction(0x00a4, 2726.0473494812422, Oeiras), Transaction(0x0087, 2356.705976167448, Oeiras), Transaction(0x004f, 1484.0039961267425, Oeiras), Transaction(0x0057, 1678.671073009614, Oeiras), Transaction(0x0049, 1298.8875516759963, Oeiras), Transaction(0x0065, 1904.6450280522033, Oeiras), Transaction(0x0038, 1081.170124662625, Oeiras), Transaction(0x0044, 1274.950966729172, Oeiras), Transaction(0x0042, 1153.093833190639, Oeiras), Transaction(0x0056, 1434.496436243505, Oeiras), Transaction(0x003b, 1042.9235321511464, Oeiras), Transaction(0x0054, 1479.0615943485927, Oeiras), Transaction(0x0038, 1055.8566315644598, Oeiras), Transaction(0x0060, 1524.326158482632, Oeiras), Transaction(0x0049, 1233.1307274980572, Oeiras), Transaction(0x005b, 1432.9997632049542, Oeiras), Transaction(0x006e, 1844.61979938437, Oeiras), Transaction(0x0023, 600.7530267054524, Oeiras), Transaction(0x00e1, 3399.352789012352, Oeiras), Transaction(0x0077, 1979.2470866608546, Oeiras), Transaction(0x004f, 1270.761061583061, Oeiras), Transaction(0x0029, 650.5603037057765, Oeiras), Transaction(0x0069, 1605.9594899483518, Oeiras), Transaction(0x006b, 1632.2367131917445, Oeiras), Transaction(0x0035, 911.8074327366952, Oeiras), Transaction(0x0063, 1548.358597879956, Oeiras), Transaction(0x0039, 934.5742917740426, Oeiras), Transaction(0x004b, 1119.5871850143685, Oeiras), Transaction(0x0047, 1079.1828642155203, Oeiras), Transaction(0x0016, 399.0747772543978, Oeiras), Transaction(0x0086, 2029.1455742721657, Oeiras), Transaction(0x005a, 1320.562286108394, Oeiras), Transaction(0x0045, 1009.7703795092377, Oeiras), Transaction(0x0015, 380.3906606414943, Oeiras), Transaction(0x0058, 1272.197408850735, Oeiras), Transaction(0x0021, 536.458921901828, Oeiras), Transaction(0x0061, 1405.7316962709895, Oeiras), Transaction(0x0063, 1400.827358333333, Oeiras), Transaction(0x0036, 803.9389012824074, Oeiras), Transaction(0x0020, 459.65282727116335, Oeiras), Transaction(0x0027, 540.5501694139241, Oeiras), Transaction(0x001d, 438.0210872058317, Oeiras), Transaction(0x006b, 1513.9293835522003, Oeiras), Transaction(0x006d, 1538.8001399582201, Oeiras), Transaction(0x002c, 600.0223833172467, Oeiras), Transaction(0x0024, 470.2556427157937, Oeiras), Transaction(0x0028, 345.84368054013356, Oeiras), Transaction(0x002e, 594.9206671518976, Oeiras), Transaction(0x0039, 634.8969999999999, Oeiras)]);Dict{HouseLocation, Dict{SizeInterval, Int64}}(Oeiras => Dict(LessThan75 => 2, LessThan125 => 3, More => 5, LessThan50 => 3));Dict{HouseLocation, Dict{SizeInterval, Int64}}(Oeiras => Dict(LessThan75 => 5, LessThan125 => 2, More => 2, LessThan50 => 11));Dict{HouseLocation, Dict{SizeInterval, Int64}}(Oeiras => Dict(LessThan75 => 454, LessThan125 => 516, More => 565, LessThan50 => 327));House[House(0x0089, Oeiras, NotSocialNeighbourhood, 1.0, 4), House(0x001e, Oeiras, NotSocialNeighbourhood, 1.0, 3), House(0x008d, Oeiras, NotSocialNeighbourhood, 1.0, 99), House(0x0080, Oeiras, NotSocialNeighbourhood, 1.0, 85), House(0x008d, Oeiras, NotSocialNeighbourhood, 1.0, 20), House(0x0081, Oeiras, NotSocialNeighbourhood, 1.0, 85), House(0x0095, Oeiras, NotSocialNeighbourhood, 1.0, 53), House(0x006c, Oeiras, NotSocialNeighbourhood, 1.0, 72), House(0x004b, Oeiras, NotSocialNeighbourhood, 1.0, 62), House(0x006e, Oeiras, NotSocialNeighbourhood, 1.0, 35), House(0x001e, Oeiras, NotSocialNeighbourhood, 1.0, 39), House(0x002d, Oeiras, NotSocialNeighbourhood, 1.0, 50), House(0x0024, Oeiras, NotSocialNeighbourhood, 1.0, 19), House(0x0043, Oeiras, NotSocialNeighbourhood, 1.0, 88), House(0x0034, Oeiras, NotSocialNeighbourhood, 1.0, 19)];Mortgage[Mortgage(14097.48227489625, 13876.481704000043, 9, 0x0144), Mortgage(91877.56078223369, 90798.62153683515, 9, 0x0180), Mortgage(38163.61645225252, 36458.741318920926, 9, 0x009c), Mortgage(120559.26459562825, 119143.5095313758, 9, 0x0180), Mortgage(27097.615394437787, 26761.142490700975, 9, 0x0174), Mortgage(124748.25004350065, 123199.24267450397, 9, 0x0174), Mortgage(47638.459207287524, 42288.86897438414, 9, 0x0048), Mortgage(57610.62157503261, 56447.156794564464, 9, 0x0114), Mortgage(173017.17761244636, 171461.8747002445, 9, 0x01bc), Mortgage(128326.43769052462, 127285.05678784105, 9, 0x01d4), Mortgage(202027.47575741136, 197947.46678850098, 9, 0x0114), Mortgage(69670.65849205927, 67805.34354351141, 9, 0x00e4), Mortgage(46755.32061417223, 45503.52537707534, 9, 0x00e4), Mortgage(11104.773536166904, 10324.098336754785, 9, 0x006c), Mortgage(197611.3191559147, 195290.72416234887, 9, 0x0180), Mortgage(119209.2160842334, 116954.61920749144, 9, 0x0120), Mortgage(104410.75220087894, 102558.44862518845, 9, 0x012c), Mortgage(125382.47439393529, 123734.74475110594, 9, 0x0168), Mortgage(310968.67890744586, 308173.28888558515, 9, 0x01bc), Mortgage(46426.16388534088, 45351.25373155412, 9, 0x00fc), Mortgage(178478.91507024242, 171863.88848681306, 9, 0x00b4), Mortgage(198074.01958126127, 191876.22327136615, 9, 0x00cc), Mortgage(70074.81440734312, 68831.64905744848, 9, 0x012c), Mortgage(72986.77749046036, 72129.67704113216, 9, 0x0180), Mortgage(107282.79126713156, 105872.9208989577, 9, 0x0168), Mortgage(147925.92339368066, 145981.93616502808, 9, 0x0168), Mortgage(127878.25673454982, 123876.90719168333, 9, 0x00cc), Mortgage(109615.638446647, 106680.86370194652, 9, 0x00e4), Mortgage(17250.410546623494, 16851.00986602127, 9, 0x00fc), Mortgage(17008.05110905235, 16808.321668337274, 9, 0x0180), Mortgage(168217.1234515569, 166347.31429971117, 9, 0x018c), Mortgage(66839.24267101393, 65575.11601436864, 9, 0x0120), Mortgage(86154.83284293275, 84719.02957576764, 9, 0x0138), Mortgage(286840.5223093047, 281751.81531383895, 9, 0x012c), Mortgage(132937.75747054192, 129378.57213193212, 9, 0x00e4), Mortgage(129488.64306540092, 128196.07668798255, 9, 0x01a4), Mortgage(82741.08119935036, 81821.37678587719, 9, 0x018c), Mortgage(77993.63361364257, 76418.52743826437, 9, 0x0114), Mortgage(157875.45110938008, 152024.05793193702, 9, 0x00b4), Mortgage(286141.3847651299, 281916.54054371786, 9, 0x0150), Mortgage(58680.12822205698, 57412.47712260502, 9, 0x0108), Mortgage(59270.47348112385, 58678.83069777432, 9, 0x01a4), Mortgage(87952.90068166316, 86574.09836195833, 9, 0x0144), Mortgage(195251.14670133655, 188614.4922216528, 9, 0x00c0), Mortgage(75343.15240868302, 74591.0708108939, 9, 0x01a4), Mortgage(92872.68641226058, 91225.07440392602, 9, 0x012c), Mortgage(152742.43585900404, 150196.92469956703, 9, 0x0138), Mortgage(78648.02852584777, 77819.89489467944, 9, 0x0198), Mortgage(329388.24936547567, 326715.23327751394, 9, 0x01d4), Mortgage(100004.66964682455, 99057.66472965389, 9, 0x01b0), Mortgage(97780.35133943448, 93412.23046871995, 9, 0x009c), Mortgage(127171.96453160727, 125967.69600931725, 9, 0x01b0), Mortgage(162766.6248700149, 160745.54079659138, 9, 0x0174), Mortgage(77418.93039626809, 76457.61435662949, 9, 0x0174), Mortgage(166939.94549741037, 164322.89498151737, 9, 0x0144), Mortgage(184229.4149927901, 180961.08489320445, 9, 0x012c), Mortgage(70990.76165327165, 69457.16723575168, 9, 0x0108), Mortgage(85498.92322811199, 84768.88492760672, 9, 0x01c8), Mortgage(56603.9700519976, 55196.34459059503, 9, 0x00f0), Mortgage(169932.37897271296, 166500.54066597953, 9, 0x0114), Mortgage(126778.16352864556, 125577.62414707972, 9, 0x01b0), Mortgage(71519.21923250283, 69604.41217268349, 9, 0x00e4), Mortgage(159370.9042090367, 156543.57762145041, 9, 0x012c), Mortgage(45114.78028027882, 44584.987079659404, 9, 0x0180), Mortgage(132516.89761871283, 126596.99839273006, 9, 0x009c), Mortgage(84538.34044501145, 83213.0668155326, 9, 0x0144), Mortgage(181787.6427585161, 179973.0234274515, 9, 0x01a4), Mortgage(125476.37775843454, 122356.03577579466, 9, 0x00f0), Mortgage(42387.558336845956, 41964.44221306826, 9, 0x01a4), Mortgage(79766.49593191099, 78655.96987952596, 9, 0x015c), Mortgage(173599.42827542961, 170877.97972114105, 9, 0x0144), Mortgage(428275.2671148595, 420677.4307624271, 9, 0x012c)];House[House(0x0017, Oeiras, NotSocialNeighbourhood, 1.0, 13), House(0x0035, Oeiras, NotSocialNeighbourhood, 1.0, 6), House(0x001c, Oeiras, NotSocialNeighbourhood, 1.0, 4), House(0x0025, Oeiras, NotSocialNeighbourhood, 1.0, 1), House(0x001d, Oeiras, NotSocialNeighbourhood, 1.0, 3), House(0x002b, Oeiras, NotSocialNeighbourhood, 1.0, 1), House(0x0020, Oeiras, NotSocialNeighbourhood, 1.0, 5), House(0x0037, Oeiras, NotSocialNeighbourhood, 1.0, 2), House(0x0034, Oeiras, NotSocialNeighbourhood, 1.0, 2), House(0x0015, Oeiras, NotSocialNeighbourhood, 1.0, 14), House(0x0031, Oeiras, NotSocialNeighbourhood, 1.0, 1), House(0x0089, Oeiras, NotSocialNeighbourhood, 1.0, 4), House(0x004d, Oeiras, NotSocialNeighbourhood, 1.0, 58), House(0x003d, Oeiras, NotSocialNeighbourhood, 1.0, 1), House(0x001c, Oeiras, NotSocialNeighbourhood, 1.0, 1), House(0x001e, Oeiras, NotSocialNeighbourhood, 1.0, 3), House(0x0055, Oeiras, NotSocialNeighbourhood, 1.0, 1), House(0x0126, Oeiras, NotSocialNeighbourhood, 1.0, 79), House(0x0029, Oeiras, NotSocialNeighbourhood, 1.0, 1), House(0x0033, Oeiras, NotSocialNeighbourhood, 1.0, 9), House(0x008d, Oeiras, NotSocialNeighbourhood, 1.0, 99), House(0x0080, Oeiras, NotSocialNeighbourhood, 1.0, 85), House(0x008d, Oeiras, NotSocialNeighbourhood, 1.0, 20), House(0x0081, Oeiras, NotSocialNeighbourhood, 1.0, 85), House(0x0095, Oeiras, NotSocialNeighbourhood, 1.0, 53), House(0x006c, Oeiras, NotSocialNeighbourhood, 1.0, 72), House(0x004b, Oeiras, NotSocialNeighbourhood, 1.0, 62), House(0x006e, Oeiras, NotSocialNeighbourhood, 1.0, 35), House(0x001e, Oeiras, NotSocialNeighbourhood, 1.0, 39), House(0x002d, Oeiras, NotSocialNeighbourhood, 1.0, 50), House(0x0024, Oeiras, NotSocialNeighbourhood, 1.0, 19), House(0x0043, Oeiras, NotSocialNeighbourhood, 1.0, 88), House(0x0034, Oeiras, NotSocialNeighbourhood, 1.0, 19)];Dict{HouseLocation, Float64}(Oeiras => 5.605489021794394)
28;25;6.394461893717722e9;1.7059271703248832e8;4.734328354157578e9;4.583573040392195e9;2475.191419434323;Dict{HouseLocation, Int64}(Oeiras => 107);Dict{HouseLocation, Int64}(Oeiras => 6797);Dict{HouseLocation, Int64}(Oeiras => 87);Dict{HouseLocation, Int64}(Oeiras => 6550);2060.704361840525;0.24000000000000002;0.18;0.98;1.0;171;10;116;116;75069;9.179669965188896e6;2.507011970500517e7;8.994091621407324e7;1.4310548e8;-7.275957614183426e-12;2.3186580128887114e6;2.4368894152134696e8;1.5374802530727905e8;1.1420832310058065e8;Dict{Any, Any}(Oeiras => Transaction[Transaction(0x006e, 245538.04412690768, Oeiras), Transaction(0x0020, 40743.07653009215, Oeiras), Transaction(0x001e, 68846.57765765829, Oeiras), Transaction(0x0063, 177015.30405617558, Oeiras), Transaction(0x0034, 95426.99874141223, Oeiras), Transaction(0x002c, 168969.5012553355, Oeiras), Transaction(0x0050, 208479.72904207994, Oeiras), Transaction(0x0040, 211813.02086475425, Oeiras), Transaction(0x0043, 157108.37459330747, Oeiras), Transaction(0x002d, 112341.06997774488, Oeiras), Transaction(0x0069, 345086.9310568382, Oeiras), Transaction(0x0057, 264845.8916293209, Oeiras), Transaction(0x0021, 111542.14728534747, Oeiras), Transaction(0x0058, 205852.9200773436, Oeiras), Transaction(0x0071, 409830.18070027075, Oeiras), Transaction(0x0082, 505574.2428422046, Oeiras), Transaction(0x0064, 348247.4541012796, Oeiras), Transaction(0x0037, 71058.6117681971, Oeiras), Transaction(0x0063, 233566.94470437983, Oeiras), Transaction(0x00ae, 624814.1968790173, Oeiras), Transaction(0x0080, 461404.05086657946, Oeiras), Transaction(0x0032, 168676.82207866787, Oeiras), Transaction(0x004c, 272062.8827329241, Oeiras), Transaction(0x0040, 152059.10337877038, Oeiras), Transaction(0x0032, 82159.55916661742, Oeiras), Transaction(0x0022, 99913.658443599, Oeiras), Transaction(0x008b, 329099.5636415594, Oeiras), Transaction(0x0050, 135975.94184835485, Oeiras), Transaction(0x003b, 101206.12984646967, Oeiras), Transaction(0x0031, 136410.40686883742, Oeiras), Transaction(0x0039, 183804.16527748236, Oeiras), Transaction(0x005b, 128668.04460991082, Oeiras), Transaction(0x0015, 27387.792030332475, Oeiras), Transaction(0x001c, 29950.62916442051, Oeiras), Transaction(0x0033, 79653.92152798755, Oeiras), Transaction(0x0043, 240356.03018524297, Oeiras), Transaction(0x005f, 338259.1510913283, Oeiras), Transaction(0x0083, 561161.6079199364, Oeiras), Transaction(0x003d, 213989.68427335913, Oeiras), Transaction(0x003e, 216116.90880405085, Oeiras), Transaction(0x0020, 109030.2354755293, Oeiras), Transaction(0x0069, 362356.2347617631, Oeiras), Transaction(0x0031, 152870.6497683802, Oeiras), Transaction(0x0080, 491582.53808904934, Oeiras), Transaction(0x0049, 213989.68427335913, Oeiras), Transaction(0x0034, 57454.21377019288, Oeiras), Transaction(0x0048, 260619.76237851256, Oeiras), Transaction(0x003c, 203183.41133710602, Oeiras), Transaction(0x004b, 163993.22916119674, Oeiras), Transaction(0x004d, 220645.36936101475, Oeiras), Transaction(0x0081, 468829.6520838795, Oeiras), Transaction(0x002c, 166413.98516984298, Oeiras), Transaction(0x0040, 232410.50511157743, Oeiras), Transaction(0x0040, 245609.37815820027, Oeiras), Transaction(0x006a, 387305.935065948, Oeiras), Transaction(0x005e, 336227.2124568057, Oeiras), Transaction(0x002d, 86837.86463689829, Oeiras), Transaction(0x0045, 170662.21588018557, Oeiras), Transaction(0x004b, 223996.90024767237, Oeiras), Transaction(0x006e, 326535.4151183023, Oeiras), Transaction(0x0027, 168832.37988940833, Oeiras), Transaction(0x0035, 130814.41783896084, Oeiras), Transaction(0x0045, 281532.112079368, Oeiras), Transaction(0x0017, 82939.52401379531, Oeiras), Transaction(0x0064, 366162.3563075691, Oeiras), Transaction(0x0071, 423986.3532477672, Oeiras), Transaction(0x004a, 125373.48415699173, Oeiras), Transaction(0x006c, 363122.7532945167, Oeiras), Transaction(0x0095, 434565.063847907, Oeiras), Transaction(0x0042, 109731.52771351209, Oeiras), Transaction(0x0024, 66438.83274927053, Oeiras), Transaction(0x0059, 364672.9750092283, Oeiras), Transaction(0x0051, 321524.1487192507, Oeiras), Transaction(0x0074, 407602.8669662099, Oeiras), Transaction(0x0083, 519690.27698162384, Oeiras), Transaction(0x0036, 97949.97686363177, Oeiras), Transaction(0x003f, 214702.03234029957, Oeiras), Transaction(0x0026, 58187.651457717, Oeiras), Transaction(0x0033, 204596.48144159678, Oeiras), Transaction(0x0044, 116865.09872210307, Oeiras), Transaction(0x0082, 510889.86478549085, Oeiras), Transaction(0x0071, 466017.57448727696, Oeiras), Transaction(0x005f, 331870.78454839427, Oeiras), Transaction(0x008d, 264815.11190207367, Oeiras), Transaction(0x0089, 224634.18269625786, Oeiras), Transaction(0x0064, 336253.6662187552, Oeiras), Transaction(0x008d, 540147.8009390302, Oeiras), Transaction(0x0035, 218476.02632864355, Oeiras), Transaction(0x002c, 108700.88600819738, Oeiras), Transaction(0x001e, 73301.32253536419, Oeiras), Transaction(0x005a, 222640.85239583955, Oeiras), Transaction(0x0023, 127381.76977173066, Oeiras), Transaction(0x0025, 89524.48155680348, Oeiras), Transaction(0x0039, 223816.58511851964, Oeiras)]);Dict{Any, Any}(Oeiras => Transaction[Transaction(0x00d7, 3402.5678874999994, Oeiras), Transaction(0x00d0, 3402.5678874999994, Oeiras), Transaction(0x0084, 2475.8937302684676, Oeiras), Transaction(0x008a, 2443.0910504186472, Oeiras), Transaction(0x00b7, 3075.684607024852, Oeiras), Transaction(0x008a, 2390.8633993222506, Oeiras), Transaction(0x004f, 1476.448823349117, Oeiras), Transaction(0x004d, 1577.5963382554517, Oeiras), Transaction(0x0074, 2126.46247997139, Oeiras), Transaction(0x0069, 2095.7521384747147, Oeiras), Transaction(0x004e, 1545.2959414459085, Oeiras), Transaction(0x0058, 1697.229953125, Oeiras), Transaction(0x0049, 1504.0926537904638, Oeiras), Transaction(0x0064, 1916.8503722319265, Oeiras), Transaction(0x0068, 1947.6838072607466, Oeiras), Transaction(0x002c, 841.5060780544745, Oeiras), Transaction(0x0047, 1327.0945675127202, Oeiras), Transaction(0x0040, 1278.7745767877054, Oeiras), Transaction(0x0038, 1052.487590627791, Oeiras), Transaction(0x003c, 1115.7227287857684, Oeiras), Transaction(0x004a, 1321.7538515820572, Oeiras), Transaction(0x003c, 1103.126140066911, Oeiras), Transaction(0x002f, 830.050032616255, Oeiras), Transaction(0x004a, 1283.4812150516734, Oeiras), Transaction(0x005f, 1630.9837127731673, Oeiras), Transaction(0x007c, 1946.1287692875744, Oeiras), Transaction(0x003c, 960.2408826993914, Oeiras), Transaction(0x0095, 2278.0195820737495, Oeiras), Transaction(0x0084, 2000.5962601828671, Oeiras), Transaction(0x006c, 1812.116637107119, Oeiras), Transaction(0x006e, 1778.685593726453, Oeiras), Transaction(0x005c, 1380.190299667376, Oeiras), Transaction(0x0029, 732.7200249419083, Oeiras), Transaction(0x006c, 1751.4976046972745, Oeiras), Transaction(0x0075, 1794.3051429376435, Oeiras), Transaction(0x0042, 1035.0743994694371, Oeiras), Transaction(0x0057, 1317.1301154973546, Oeiras), Transaction(0x004c, 1221.3159325863053, Oeiras), Transaction(0x0022, 581.7796421607488, Oeiras), Transaction(0x003d, 913.93900745145, Oeiras), Transaction(0x0086, 2055.1158560893414, Oeiras), Transaction(0x003a, 895.7912226090692, Oeiras), Transaction(0x0047, 1105.8500073463656, Oeiras), Transaction(0x005a, 1291.2629919037836, Oeiras), Transaction(0x005c, 1461.4743370161875, Oeiras), Transaction(0x0078, 1844.95145106698, Oeiras), Transaction(0x0068, 1590.637840702599, Oeiras), Transaction(0x0015, 365.2529056727696, Oeiras), Transaction(0x002b, 567.9436853752228, Oeiras), Transaction(0x0029, 600.1115957480671, Oeiras), Transaction(0x0063, 1403.6780656212088, Oeiras), Transaction(0x0077, 1687.9235262350724, Oeiras), Transaction(0x0080, 1893.5127832445564, Oeiras), Transaction(0x005e, 1175.9075236735962, Oeiras), Transaction(0x0068, 1327.8008518876452, Oeiras), Transaction(0x006c, 1390.1298256568818, Oeiras), Transaction(0x002c, 335.6408335643935, Oeiras), Transaction(0x002e, 539.5103333333333, Oeiras), Transaction(0x0036, 442.41539557116977, Oeiras)]);Dict{HouseLocation, Dict{SizeInterval, Int64}}(Oeiras => Dict(LessThan75 => 3, LessThan125 => 4, More => 2, LessThan50 => 3));Dict{HouseLocation, Dict{SizeInterval, Int64}}(Oeiras => Dict(LessThan75 => 3, LessThan125 => 1, More => 1, LessThan50 => 8));Dict{HouseLocation, Dict{SizeInterval, Int64}}(Oeiras => Dict(LessThan75 => 438, LessThan125 => 555, More => 501, LessThan50 => 357));House[House(0x001e, Oeiras, NotSocialNeighbourhood, 1.0, 3), House(0x008b, Oeiras, NotSocialNeighbourhood, 1.0, 25), House(0x0083, Oeiras, NotSocialNeighbourhood, 1.0, 100), House(0x002c, Oeiras, NotSocialNeighbourhood, 1.0, 97), House(0x0027, Oeiras, NotSocialNeighbourhood, 1.0, 61), House(0x001b, Oeiras, NotSocialNeighbourhood, 1.0, 3), House(0x003e, Oeiras, NotSocialNeighbourhood, 1.0, 6), House(0x0048, Oeiras, NotSocialNeighbourhood, 1.0, 92), House(0x003d, Oeiras, NotSocialNeighbourhood, 1.0, 87), House(0x0057, Oeiras, NotSocialNeighbourhood, 1.0, 14), House(0x0077, Oeiras, NotSocialNeighbourhood, 1.0, 8), House(0x0068, Oeiras, NotSocialNeighbourhood, 1.0, 70), House(0x005a, Oeiras, NotSocialNeighbourhood, 1.0, 48)];Mortgage[Mortgage(32852.30883735989, 31771.790793123047, 8, 0x00b4), Mortgage(48573.18479731448, 48006.72753544546, 8, 0x0168), Mortgage(153258.51640260656, 150320.496382191, 8, 0x0108), Mortgage(83747.85017245283, 82921.77000295486, 8, 0x018c), Mortgage(50073.355169589384, 49454.717473491255, 8, 0x015c), Mortgage(182865.91562752635, 174840.83773381036, 8, 0x0090), Mortgage(133849.42133900436, 131987.37799210666, 8, 0x0144), Mortgage(92751.10191618816, 91729.08155040914, 8, 0x0174), Mortgage(106663.34974740149, 103155.17397103876, 8, 0x00b4), Mortgage(83460.1872043377, 82366.65688037558, 8, 0x0150), Mortgage(178046.19308023594, 175969.83017672683, 8, 0x0168), Mortgage(44731.43397652748, 44355.53925630065, 8, 0x01b0), Mortgage(451003.9704471384, 445431.9839832081, 8, 0x015c), Mortgage(38558.22338482237, 37029.66680314751, 8, 0x009c), Mortgage(51177.993832180764, 50673.17937148242, 8, 0x018c), Mortgage(202905.6505526017, 201368.20199945127, 8, 0x01c8), Mortgage(368964.9352566501, 364899.32665146736, 8, 0x0174), Mortgage(402958.4211723962, 399388.9583608903, 8, 0x01a4), Mortgage(134394.3564960146, 124761.01959220448, 8, 0x0060), Mortgage(18882.507697386172, 17958.878724137376, 8, 0x0084), Mortgage(131278.3816069778, 129983.46517024546, 8, 0x018c), Mortgage(83492.96880112271, 82826.93370243553, 8, 0x01bc), Mortgage(275028.124928025, 271202.0770818044, 8, 0x0144), Mortgage(117257.76130373875, 116322.37972918001, 8, 0x01bc), Mortgage(87905.05253544309, 87203.82162724521, 8, 0x01bc), Mortgage(116791.84892569123, 115810.40398923485, 8, 0x01b0), Mortgage(145026.3093086548, 143234.5631482375, 8, 0x015c), Mortgage(111560.24486546044, 110572.028403496, 8, 0x01a4), Mortgage(10987.579508490646, 10790.666611571209, 8, 0x0114), Mortgage(55401.938263376214, 54717.467903230645, 8, 0x015c), Mortgage(92792.51460325884, 91501.63353160079, 8, 0x0144), Mortgage(202083.65337307856, 199977.74161800163, 8, 0x0180), Mortgage(384458.2067799581, 380665.95062093216, 8, 0x018c), Mortgage(53141.50799247215, 51538.59134531276, 8, 0x00c0), Mortgage(185427.8325978416, 183948.64882276425, 8, 0x01bc), Mortgage(90551.01286151508, 89553.2351815258, 8, 0x0174), Mortgage(117977.91327123539, 116677.91976620656, 8, 0x0174), Mortgage(442748.85156830365, 438826.9194843136, 8, 0x01a4), Mortgage(181868.44320954278, 179178.80359422768, 8, 0x0138), Mortgage(43417.65784705705, 42775.557158840944, 8, 0x0138), Mortgage(192121.0926241862, 190325.9081656484, 8, 0x0198), Mortgage(175195.40176164967, 173467.2923608172, 8, 0x018c), Mortgage(31691.257082933298, 31123.305130058077, 8, 0x0114), Mortgage(65884.65119972537, 64703.90547495138, 8, 0x0114), Mortgage(418699.83488381526, 415684.62387092155, 8, 0x01d4), Mortgage(144790.29630009356, 142510.8579649905, 8, 0x012c), Mortgage(178353.89044898102, 174116.42380187285, 8, 0x00e4), Mortgage(95111.6817855415, 92242.81140845381, 8, 0x00c0), Mortgage(119061.59498029237, 117300.80142606024, 8, 0x0138), Mortgage(64004.17633330164, 63057.62307109926, 8, 0x0138), Mortgage(65098.08563983723, 64455.96482708067, 8, 0x018c), Mortgage(147190.6241999344, 145953.7271549463, 8, 0x01b0), Mortgage(194472.3669509739, 192655.21212431276, 8, 0x0198), Mortgage(275226.5082298616, 272511.702296328, 8, 0x018c), Mortgage(135471.31248398934, 133891.45501630017, 8, 0x0168), Mortgage(111507.4219586896, 109956.18885576856, 8, 0x0144), Mortgage(221604.50077313022, 217633.03606755947, 8, 0x0114), Mortgage(378540.9968121258, 373864.2634605575, 8, 0x015c), Mortgage(99541.06287743093, 98156.29952156552, 8, 0x0144), Mortgage(317561.9321156054, 314594.6252084334, 8, 0x0198), Mortgage(388969.05499686947, 384915.6123180259, 8, 0x0180), Mortgage(92058.4812540031, 91324.11786355937, 8, 0x01bc), Mortgage(43422.098530469004, 42738.50302365528, 8, 0x012c), Mortgage(314995.6218421342, 311322.1637768666, 8, 0x0168), Mortgage(102510.5126442512, 101167.37697853628, 8, 0x0150), Mortgage(362987.87239038374, 360237.4552497184, 8, 0x01c8), Mortgage(86363.579159062, 85411.94262926759, 8, 0x0174), Mortgage(85817.32124577455, 85132.74446229536, 8, 0x01bc), Mortgage(187006.80144378642, 185162.1856128624, 8, 0x018c), Mortgage(40781.56300780614, 39943.65820006827, 8, 0x00fc), Mortgage(130562.12661180511, 128506.68281400597, 8, 0x012c), Mortgage(97395.9536213812, 95955.5717134015, 8, 0x0138), Mortgage(263750.4739652823, 261148.86645189844, 8, 0x018c), Mortgage(234365.01982462642, 231782.56184473733, 8, 0x0174), Mortgage(283909.024080453, 281644.24205644766, 8, 0x01bc), Mortgage(223593.12452066422, 221263.06277928653, 8, 0x0180), Mortgage(122914.3521257122, 120979.30748992384, 8, 0x012c), Mortgage(465741.75556314376, 461147.7268497425, 8, 0x018c), Mortgage(85943.08013423494, 85257.50015449992, 8, 0x01bc), Mortgage(39888.52291775443, 39219.056997153224, 8, 0x0120), Mortgage(191539.0507815602, 186988.32112120668, 8, 0x00e4), Mortgage(95479.083054382, 94676.73714186165, 8, 0x01b0), Mortgage(77139.9874317206, 76379.08653979986, 8, 0x018c), Mortgage(172575.99746501516, 171199.33457767143, 8, 0x01bc)];House[House(0x001c, Oeiras, NotSocialNeighbourhood, 1.0, 4), House(0x001e, Oeiras, NotSocialNeighbourhood, 1.0, 3), House(0x0055, Oeiras, NotSocialNeighbourhood, 1.0, 1), House(0x001d, Oeiras, NotSocialNeighbourhood, 1.0, 3), House(0x003d, Oeiras, NotSocialNeighbourhood, 1.0, 1), House(0x0037, Oeiras, NotSocialNeighbourhood, 1.0, 1), House(0x0029, Oeiras, NotSocialNeighbourhood, 1.0, 1), House(0x0025, Oeiras, NotSocialNeighbourhood, 1.0, 1), House(0x0017, Oeiras, NotSocialNeighbourhood, 1.0, 13), House(0x0031, Oeiras, NotSocialNeighbourhood, 1.0, 1), House(0x0126, Oeiras, NotSocialNeighbourhood, 1.0, 79), House(0x0035, Oeiras, NotSocialNeighbourhood, 1.0, 6), House(0x002b, Oeiras, NotSocialNeighbourhood, 1.0, 1), House(0x008b, Oeiras, NotSocialNeighbourhood, 1.0, 25), House(0x0083, Oeiras, NotSocialNeighbourhood, 1.0, 100), House(0x002c, Oeiras, NotSocialNeighbourhood, 1.0, 97), House(0x0027, Oeiras, NotSocialNeighbourhood, 1.0, 61), House(0x001b, Oeiras, NotSocialNeighbourhood, 1.0, 3), House(0x003e, Oeiras, NotSocialNeighbourhood, 1.0, 6), House(0x0048, Oeiras, NotSocialNeighbourhood, 1.0, 92), House(0x003d, Oeiras, NotSocialNeighbourhood, 1.0, 87), House(0x0057, Oeiras, NotSocialNeighbourhood, 1.0, 14), House(0x0077, Oeiras, NotSocialNeighbourhood, 1.0, 8), House(0x0068, Oeiras, NotSocialNeighbourhood, 1.0, 70), House(0x005a, Oeiras, NotSocialNeighbourhood, 1.0, 48)];Dict{HouseLocation, Float64}(Oeiras => 5.640895924145608)
29;25;6.361934323087012e9;1.707092735692992e8;4.748316986592844e9;4.575126898054211e9;2491.5303842512863;Dict{HouseLocation, Int64}(Oeiras => 91);Dict{HouseLocation, Int64}(Oeiras => 6820);Dict{HouseLocation, Int64}(Oeiras => 79);Dict{HouseLocation, Int64}(Oeiras => 6564);2070.2947141242025;0.24000000000000002;0.18;0.98;1.0;161;15;107;97;75135;9.185835354614528e6;2.5172008439618472e7;8.997059860533483e7;1.4310548e8;0.0;2.5081959250511783e6;2.437893304567631e8;1.5381873185143104e8;1.1467248289159708e8;Dict{Any, Any}(Oeiras => Transaction[Transaction(0x001b, 45122.25274622585, Oeiras), Transaction(0x0077, 206275.2212897977, Oeiras), Transaction(0x005c, 168393.54807738203, Oeiras), Transaction(0x008b, 268330.60915437323, Oeiras), Transaction(0x004a, 122125.47319221831, Oeiras), Transaction(0x0038, 197452.76181240065, Oeiras), Transaction(0x0045, 168997.47584675753, Oeiras), Transaction(0x0048, 243775.193150457, Oeiras), Transaction(0x0024, 149934.49772672908, Oeiras), Transaction(0x0057, 157528.79787815033, Oeiras), Transaction(0x003a, 140774.68890960317, Oeiras), Transaction(0x005f, 349834.72627539386, Oeiras), Transaction(0x001e, 92102.70542789932, Oeiras), Transaction(0x0049, 283843.85903232987, Oeiras), Transaction(0x0034, 161372.36948529584, Oeiras), Transaction(0x0047, 281213.92447066464, Oeiras), Transaction(0x0025, 156657.35588534042, Oeiras), Transaction(0x0057, 207400.07974045313, Oeiras), Transaction(0x0055, 284658.73519849946, Oeiras), Transaction(0x0036, 182976.39938132174, Oeiras), Transaction(0x0061, 359638.0054868413, Oeiras), Transaction(0x0077, 378752.713320314, Oeiras), Transaction(0x0024, 148255.5160235559, Oeiras), Transaction(0x0019, 86190.43931531245, Oeiras), Transaction(0x0061, 371075.3874933107, Oeiras), Transaction(0x0083, 536384.0688466214, Oeiras), Transaction(0x0017, 24454.378906947935, Oeiras), Transaction(0x003d, 218544.4534170389, Oeiras), Transaction(0x002c, 172355.3375802633, Oeiras), Transaction(0x003c, 145213.03787022535, Oeiras), Transaction(0x0038, 192481.21778043985, Oeiras), Transaction(0x003c, 109381.19007886537, Oeiras), Transaction(0x0039, 180914.59901245957, Oeiras), Transaction(0x0021, 120868.50363815312, Oeiras), Transaction(0x0041, 254384.86738314247, Oeiras), Transaction(0x005c, 232915.3836601886, Oeiras), Transaction(0x0066, 404467.2142099719, Oeiras), Transaction(0x0045, 259023.3016026381, Oeiras), Transaction(0x005f, 255833.31075189722, Oeiras), Transaction(0x0037, 95567.49033602819, Oeiras), Transaction(0x0047, 123417.09770036077, Oeiras), Transaction(0x0047, 277465.0782407746, Oeiras), Transaction(0x0062, 359106.4136212396, Oeiras), Transaction(0x0055, 388871.2556111928, Oeiras), Transaction(0x0023, 125515.97975566219, Oeiras), Transaction(0x0061, 303614.5012994347, Oeiras), Transaction(0x0045, 182882.05406770683, Oeiras), Transaction(0x0051, 285256.73326439614, Oeiras), Transaction(0x0040, 147136.358802047, Oeiras), Transaction(0x0055, 357162.9873851795, Oeiras), Transaction(0x0022, 113592.04752307637, Oeiras), Transaction(0x0052, 177694.7657755208, Oeiras), Transaction(0x0035, 76167.60776915048, Oeiras), Transaction(0x003e, 102560.58980012468, Oeiras), Transaction(0x0051, 323092.29370713903, Oeiras), Transaction(0x0027, 118386.91400682753, Oeiras), Transaction(0x0034, 172801.46049378457, Oeiras), Transaction(0x002e, 138286.85466477342, Oeiras), Transaction(0x0055, 309398.41518782004, Oeiras), Transaction(0x0060, 205719.97263409468, Oeiras), Transaction(0x003f, 166589.19255193835, Oeiras), Transaction(0x0093, 386318.3759762266, Oeiras), Transaction(0x0052, 356313.5271381144, Oeiras), Transaction(0x0068, 346987.476158609, Oeiras), Transaction(0x0034, 197379.78833656435, Oeiras), Transaction(0x005a, 224342.81227733943, Oeiras), Transaction(0x0056, 326130.384951618, Oeiras), Transaction(0x0026, 134642.16762025093, Oeiras), Transaction(0x0048, 273056.18145300244, Oeiras), Transaction(0x0047, 272707.5491126508, Oeiras), Transaction(0x00aa, 583866.5119907507, Oeiras), Transaction(0x003d, 209034.3684837843, Oeiras), Transaction(0x0039, 95097.88632635814, Oeiras), Transaction(0x003d, 179290.16646078104, Oeiras), Transaction(0x002c, 102533.02983430457, Oeiras), Transaction(0x0057, 202578.05218421735, Oeiras), Transaction(0x0035, 180696.26209023673, Oeiras), Transaction(0x002f, 93440.2128277192, Oeiras)]);Dict{Any, Any}(Oeiras => Transaction[Transaction(0x0091, 2852.0578572879645, Oeiras), Transaction(0x0092, 2511.3661284314303, Oeiras), Transaction(0x007d, 2344.1499860434224, Oeiras), Transaction(0x0061, 2023.7292996166175, Oeiras), Transaction(0x0076, 2264.561470270511, Oeiras), Transaction(0x0052, 1659.0185988953758, Oeiras), Transaction(0x007e, 2303.2834966257155, Oeiras), Transaction(0x0049, 1471.7874037459094, Oeiras), Transaction(0x0077, 2160.803691245904, Oeiras), Transaction(0x0060, 1855.3929452712528, Oeiras), Transaction(0x0026, 735.7652650566212, Oeiras), Transaction(0x005f, 1897.6894788317354, Oeiras), Transaction(0x0049, 1422.9811531769758, Oeiras), Transaction(0x0034, 1004.1699138013073, Oeiras), Transaction(0x00ca, 3230.1026029141185, Oeiras), Transaction(0x0037, 1024.4435080000264, Oeiras), Transaction(0x0035, 1045.8741864139893, Oeiras), Transaction(0x0038, 1107.4183052628252, Oeiras), Transaction(0x0048, 1364.6870298998642, Oeiras), Transaction(0x005e, 1730.3795695364613, Oeiras), Transaction(0x0046, 1375.17551875, Oeiras), Transaction(0x006d, 1853.7289782878706, Oeiras), Transaction(0x003f, 1224.2931762190726, Oeiras), Transaction(0x003d, 1174.2062569311354, Oeiras), Transaction(0x003f, 1089.1540714647635, Oeiras), Transaction(0x0060, 1646.6516460840955, Oeiras), Transaction(0x0042, 1201.7697025207779, Oeiras), Transaction(0x0048, 1227.3983025346902, Oeiras), Transaction(0x0037, 996.8053612228302, Oeiras), Transaction(0x0023, 653.1835191638228, Oeiras), Transaction(0x0045, 1150.6743194054027, Oeiras), Transaction(0x0040, 1032.4289845387477, Oeiras), Transaction(0x003c, 977.5029267973815, Oeiras), Transaction(0x0039, 1015.5670188514833, Oeiras), Transaction(0x0057, 1438.5828226188132, Oeiras), Transaction(0x0049, 1166.9903960680078, Oeiras), Transaction(0x002c, 756.0612888884878, Oeiras), Transaction(0x0017, 388.12244664059597, Oeiras), Transaction(0x0033, 775.7871951654629, Oeiras), Transaction(0x0033, 805.019859343999, Oeiras), Transaction(0x0033, 746.0417277879193, Oeiras), Transaction(0x0032, 725.2218835552102, Oeiras), Transaction(0x0034, 672.6058103344242, Oeiras), Transaction(0x002a, 500.5511609858781, Oeiras), Transaction(0x0079, 1762.880646207624, Oeiras), Transaction(0x0084, 1819.4386170361179, Oeiras), Transaction(0x0066, 1393.8683173641673, Oeiras), Transaction(0x0037, 725.4232011393578, Oeiras), Transaction(0x0073, 1549.4563682716928, Oeiras), Transaction(0x0049, 899.0602084847324, Oeiras), Transaction(0x004e, 999.6358592070097, Oeiras)]);Dict{HouseLocation, Dict{SizeInterval, Int64}}(Oeiras => Dict(LessThan75 => 4, LessThan125 => 7, More => 1, LessThan50 => 0));Dict{HouseLocation, Dict{SizeInterval, Int64}}(Oeiras => Dict(LessThan75 => 3, LessThan125 => 1, More => 1, LessThan50 => 8));Dict{HouseLocation, Dict{SizeInterval, Int64}}(Oeiras => Dict(LessThan75 => 445, LessThan125 => 568, More => 517, LessThan50 => 351));House[House(0x001e, Oeiras, NotSocialNeighbourhood, 1.0, 3), House(0x001b, Oeiras, NotSocialNeighbourhood, 1.0, 3), House(0x0081, Oeiras, NotSocialNeighbourhood, 1.0, 70), House(0x0044, Oeiras, NotSocialNeighbourhood, 1.0, 30), House(0x0042, Oeiras, NotSocialNeighbourhood, 1.0, 88), House(0x0035, Oeiras, NotSocialNeighbourhood, 1.0, 32), House(0x003b, Oeiras, NotSocialNeighbourhood, 1.0, 97), House(0x0061, Oeiras, NotSocialNeighbourhood, 1.0, 66), House(0x007c, Oeiras, NotSocialNeighbourhood, 1.0, 59), House(0x006e, Oeiras, NotSocialNeighbourhood, 1.0, 24), House(0x004d, Oeiras, NotSocialNeighbourhood, 1.0, 7), House(0x0058, Oeiras, NotSocialNeighbourhood, 1.0, 24), House(0x0072, Oeiras, NotSocialNeighbourhood, 1.0, 93), House(0x006c, Oeiras, NotSocialNeighbourhood, 1.0, 25)];Mortgage[Mortgage(25290.850493989652, 24836.93325518752, 7, 0x00fc), Mortgage(177990.26698756492, 176612.98995083102, 7, 0x01a4), Mortgage(144698.26104944682, 143451.46830006427, 7, 0x018c), Mortgage(99932.78633575619, 98558.49498148046, 7, 0x012c), Mortgage(170039.55194791808, 167973.19346493762, 7, 0x0144), Mortgage(124285.29828246817, 121705.85554306027, 7, 0x00e4), Mortgage(175856.8853448229, 173103.83638837968, 7, 0x0114), Mortgage(123429.15783096274, 122365.63033636862, 7, 0x018c), Mortgage(136196.2127968587, 134808.7606061474, 7, 0x0168), Mortgage(119538.98535683416, 118086.32099957553, 7, 0x0144), Mortgage(306203.11517346563, 303083.7759919591, 7, 0x0168), Mortgage(76538.75774964665, 74682.25724978605, 7, 0x00cc), Mortgage(30797.991841038136, 29119.624757841244, 7, 0x006c), Mortgage(131561.78707387135, 129963.01895409047, 7, 0x0144), Mortgage(66010.38865752183, 64640.39542339725, 7, 0x00e4), Mortgage(115258.87893522775, 114265.75065907453, 7, 0x018c), Mortgage(70624.58849363276, 69158.83120350225, 7, 0x00e4), Mortgage(65029.323611905245, 64403.384433227475, 7, 0x0174), Mortgage(26571.567384801252, 23737.868367692496, 7, 0x003c), Mortgage(217137.92253113084, 213738.61672711628, 7, 0x0114), Mortgage(328708.8708076744, 326165.34307890397, 7, 0x01a4), Mortgage(114471.26551977359, 113484.92371561097, 7, 0x018c), Mortgage(18780.429753506105, 17756.971624506423, 7, 0x006c), Mortgage(301654.7904460096, 295839.72877393104, 7, 0x00f0), Mortgage(299798.7209863108, 297215.504927673, 7, 0x018c), Mortgage(69148.63284140572, 61774.343998016484, 7, 0x003c), Mortgage(149000.44955663392, 147295.0683151483, 7, 0x0150), Mortgage(114592.29482516402, 112798.34631375795, 7, 0x0114), Mortgage(24704.6886701099, 22554.155858077174, 7, 0x0048), Mortgage(89450.24554548023, 87952.30665102803, 7, 0x0108), Mortgage(157079.51660842128, 155384.2747383202, 7, 0x015c), Mortgage(93252.37355712985, 92302.39699519821, 7, 0x0168), Mortgage(35589.367200785666, 34469.57950963098, 7, 0x00a8), Mortgage(202845.1883080037, 201569.1548613192, 7, 0x01d4), Mortgage(360150.57964628155, 357506.8322942839, 7, 0x01b0), Mortgage(202372.93621052345, 199758.5388095198, 7, 0x0138), Mortgage(12209.475214063306, 11786.666500904847, 7, 0x009c), Mortgage(79704.47650585085, 78050.27334536068, 7, 0x00e4), Mortgage(122223.46242058411, 116354.74448899727, 7, 0x0078), Mortgage(343038.83862073376, 340083.04403379816, 7, 0x018c), Mortgage(108318.33714957447, 107149.33826034669, 7, 0x015c), Mortgage(137490.43735592085, 134636.93243396518, 7, 0x00e4), Mortgage(158424.05839159255, 153439.38671792037, 7, 0x00a8), Mortgage(108959.06621637564, 107460.64404521736, 7, 0x012c), Mortgage(311669.93587534735, 309258.25430990855, 7, 0x01a4), Mortgage(94836.47886691376, 94019.32022678445, 7, 0x018c), Mortgage(154211.84009135026, 152547.54691148334, 7, 0x015c), Mortgage(58283.56683044962, 57482.04207637822, 7, 0x012c), Mortgage(89032.40737827263, 88443.10662818275, 7, 0x01c8), Mortgage(260806.12128536386, 256438.64715936017, 7, 0x0108), Mortgage(99734.24028065335, 96280.4877604526, 7, 0x009c), Mortgage(144788.3772840728, 143470.347842015, 7, 0x0180), Mortgage(110263.5623201154, 109259.81723884447, 7, 0x0180), Mortgage(251374.86968712066, 247439.58264213978, 7, 0x0114), Mortgage(113318.62200068004, 110062.88107826299, 7, 0x00b4), Mortgage(342548.91937913414, 339597.3461819635, 7, 0x018c), Mortgage(174038.6098748228, 172160.34118107916, 7, 0x015c), Mortgage(301058.7197884263, 298160.8817465795, 7, 0x0174), Mortgage(163283.87808408609, 157024.34088239406, 7, 0x0090), Mortgage(96726.3887050334, 95396.19223396716, 7, 0x012c), Mortgage(283340.5135432716, 281148.04319371696, 7, 0x01a4), Mortgage(110929.41175616693, 110231.59071933282, 7, 0x01d4), Mortgage(26263.624659223773, 23462.76589523814, 7, 0x003c), Mortgage(220225.42772028106, 217704.84261835788, 7, 0x0150), Mortgage(191192.56646063947, 186555.0585412553, 7, 0x00cc), Mortgage(64922.12073402055, 63834.9312113449, 7, 0x0108), Mortgage(154400.07747852942, 153069.68901561238, 7, 0x018c), Mortgage(87402.03332727704, 86560.74582931469, 7, 0x0174), Mortgage(174566.1406756308, 173468.00156758103, 7, 0x01d4), Mortgage(157000.55403960796, 155647.7585671127, 7, 0x018c), Mortgage(58486.897326232145, 57437.18130554172, 7, 0x00fc)];House[House(0x0031, Oeiras, NotSocialNeighbourhood, 1.0, 1), House(0x0029, Oeiras, NotSocialNeighbourhood, 1.0, 1), House(0x001c, Oeiras, NotSocialNeighbourhood, 1.0, 4), House(0x001e, Oeiras, NotSocialNeighbourhood, 1.0, 3), House(0x0126, Oeiras, NotSocialNeighbourhood, 1.0, 79), House(0x0055, Oeiras, NotSocialNeighbourhood, 1.0, 1), House(0x002b, Oeiras, NotSocialNeighbourhood, 1.0, 1), House(0x003d, Oeiras, NotSocialNeighbourhood, 1.0, 1), House(0x001b, Oeiras, NotSocialNeighbourhood, 1.0, 3), House(0x001d, Oeiras, NotSocialNeighbourhood, 1.0, 3), House(0x0025, Oeiras, NotSocialNeighbourhood, 1.0, 1), House(0x0045, Oeiras, NotSocialNeighbourhood, 1.0, 3), House(0x0037, Oeiras, NotSocialNeighbourhood, 1.0, 1), House(0x0081, Oeiras, NotSocialNeighbourhood, 1.0, 70), House(0x0044, Oeiras, NotSocialNeighbourhood, 1.0, 30), House(0x0042, Oeiras, NotSocialNeighbourhood, 1.0, 88), House(0x0035, Oeiras, NotSocialNeighbourhood, 1.0, 32), House(0x003b, Oeiras, NotSocialNeighbourhood, 1.0, 97), House(0x0061, Oeiras, NotSocialNeighbourhood, 1.0, 66), House(0x007c, Oeiras, NotSocialNeighbourhood, 1.0, 59), House(0x006e, Oeiras, NotSocialNeighbourhood, 1.0, 24), House(0x004d, Oeiras, NotSocialNeighbourhood, 1.0, 7), House(0x0058, Oeiras, NotSocialNeighbourhood, 1.0, 24), House(0x0072, Oeiras, NotSocialNeighbourhood, 1.0, 93), House(0x006c, Oeiras, NotSocialNeighbourhood, 1.0, 25)];Dict{HouseLocation, Float64}(Oeiras => 5.671207215514988)
30;24;6.329690845423691e9;1.7109491220744976e8;4.762362333995119e9;4.569647260474518e9;2506.2936706858195;Dict{HouseLocation, Int64}(Oeiras => 88);Dict{HouseLocation, Int64}(Oeiras => 6865);Dict{HouseLocation, Int64}(Oeiras => 68);Dict{HouseLocation, Int64}(Oeiras => 6605);2180.398707660582;0.24000000000000002;0.18;0.98;1.0;171;8;96;109;75176;9.194801270727636e6;2.5215571390734445e7;9.001232250065447e7;1.4310548e8;0.0;2.711855642709055e6;2.4393106893384722e8;1.5391874643319702e8;1.1487093633556753e8;Dict{Any, Any}(Oeiras => Transaction[Transaction(0x0042, 243482.45284078686, Oeiras), Transaction(0x0035, 116716.04554052683, Oeiras), Transaction(0x006e, 207748.2679262049, Oeiras), Transaction(0x004d, 134175.17128966172, Oeiras), Transaction(0x005e, 312521.7766644703, Oeiras), Transaction(0x006c, 207854.0673755034, Oeiras), Transaction(0x0082, 474211.935516888, Oeiras), Transaction(0x001a, 97931.6043919089, Oeiras), Transaction(0x0020, 135454.3424611418, Oeiras), Transaction(0x0034, 220717.02798228085, Oeiras), Transaction(0x0041, 225036.21027382018, Oeiras), Transaction(0x002c, 180795.16141293047, Oeiras), Transaction(0x0041, 150606.83359579116, Oeiras), Transaction(0x0043, 244014.3682374945, Oeiras), Transaction(0x0034, 177694.63922225207, Oeiras), Transaction(0x004e, 197709.25096200485, Oeiras), Transaction(0x0032, 181696.98115246053, Oeiras), Transaction(0x003e, 98137.44916733397, Oeiras), Transaction(0x001b, 43004.9217887726, Oeiras), Transaction(0x0038, 220128.75272063672, Oeiras), Transaction(0x0055, 118761.3633029916, Oeiras), Transaction(0x0058, 168578.72749182486, Oeiras), Transaction(0x0048, 230746.42896207486, Oeiras), Transaction(0x0073, 436364.580509646, Oeiras), Transaction(0x0025, 158560.06398540802, Oeiras), Transaction(0x0036, 166141.03313919296, Oeiras), Transaction(0x0051, 128312.27266082511, Oeiras), Transaction(0x0029, 141968.15134092938, Oeiras), Transaction(0x0056, 198165.906400399, Oeiras), Transaction(0x0090, 488455.16617913474, Oeiras), Transaction(0x0039, 176817.17028238525, Oeiras), Transaction(0x002e, 116116.98620422742, Oeiras), Transaction(0x0014, 77130.3962898488, Oeiras), Transaction(0x0014, 42200.012904182215, Oeiras), Transaction(0x0053, 122512.6892836579, Oeiras), Transaction(0x0047, 115203.73571184704, Oeiras), Transaction(0x0036, 93883.5768261921, Oeiras), Transaction(0x007c, 389885.00384160236, Oeiras), Transaction(0x0072, 449255.5879683772, Oeiras), Transaction(0x0038, 201716.965084636, Oeiras), Transaction(0x0032, 146033.47488135353, Oeiras), Transaction(0x004d, 247922.14379560994, Oeiras), Transaction(0x0024, 137854.62935592383, Oeiras), Transaction(0x0064, 357584.1167203486, Oeiras), Transaction(0x0041, 200283.35868233477, Oeiras), Transaction(0x004e, 199192.96695481724, Oeiras), Transaction(0x0038, 179077.5073200741, Oeiras), Transaction(0x0044, 147052.55415279593, Oeiras), Transaction(0x0081, 440929.4057092861, Oeiras), Transaction(0x004b, 163953.39423365565, Oeiras), Transaction(0x0034, 192454.0503288803, Oeiras), Transaction(0x0044, 237351.76085577137, Oeiras), Transaction(0x004e, 263892.98449192947, Oeiras), Transaction(0x004e, 125014.12434918147, Oeiras), Transaction(0x0047, 161533.91791545445, Oeiras), Transaction(0x0034, 188904.79927537893, Oeiras), Transaction(0x0040, 203461.2744005031, Oeiras), Transaction(0x002a, 141995.89553723249, Oeiras), Transaction(0x003a, 246398.51505309067, Oeiras), Transaction(0x005a, 278890.3722763333, Oeiras), Transaction(0x0029, 38004.861708294105, Oeiras), Transaction(0x0027, 142396.06867731517, Oeiras), Transaction(0x0061, 317738.0757589665, Oeiras), Transaction(0x003b, 231073.99917538668, Oeiras), Transaction(0x0030, 122358.57315965155, Oeiras), Transaction(0x004a, 275674.2966811816, Oeiras), Transaction(0x0047, 280546.7611423645, Oeiras), Transaction(0x008c, 559466.2889279393, Oeiras), Transaction(0x003e, 207893.45664254442, Oeiras), Transaction(0x001b, 99852.88840917654, Oeiras), Transaction(0x003f, 147160.62730433157, Oeiras), Transaction(0x0044, 249543.66898251954, Oeiras), Transaction(0x0042, 289905.8695572546, Oeiras), Transaction(0x003d, 161849.56287236206, Oeiras), Transaction(0x0042, 229179.40994973344, Oeiras), Transaction(0x0064, 335033.7704809727, Oeiras)]);Dict{Any, Any}(Oeiras => Transaction[Transaction(0x0097, 3302.316100480085, Oeiras), Transaction(0x00a2, 2971.5565923702425, Oeiras), Transaction(0x00a0, 3276.9562710707332, Oeiras), Transaction(0x004b, 1552.2480653730668, Oeiras), Transaction(0x0051, 1690.0738232707774, Oeiras), Transaction(0x008f, 2752.715201814232, Oeiras), Transaction(0x0045, 1342.460154217092, Oeiras), Transaction(0x006e, 2075.4232296623163, Oeiras), Transaction(0x0063, 1881.010182854446, Oeiras), Transaction(0x0062, 1987.768484272342, Oeiras), Transaction(0x0064, 1971.2527587526195, Oeiras), Transaction(0x012a, 3312.8132593749997, Oeiras), Transaction(0x005e, 1714.321295891447, Oeiras), Transaction(0x003c, 1268.5402921028706, Oeiras), Transaction(0x004a, 1457.230010257762, Oeiras), Transaction(0x002a, 823.0683569232015, Oeiras), Transaction(0x0023, 685.4341758626083, Oeiras), Transaction(0x0055, 1577.8370085449467, Oeiras), Transaction(0x0051, 1447.279031815419, Oeiras), Transaction(0x004d, 1338.8162682477564, Oeiras), Transaction(0x007f, 2088.93000502364, Oeiras), Transaction(0x0031, 1012.5810378456395, Oeiras), Transaction(0x0057, 1418.2504969911154, Oeiras), Transaction(0x0051, 1389.1148781163722, Oeiras), Transaction(0x0042, 1169.9608020833334, Oeiras), Transaction(0x002d, 811.0059022053472, Oeiras), Transaction(0x0053, 1442.6517137607104, Oeiras), Transaction(0x001f, 609.6228528378114, Oeiras), Transaction(0x003b, 946.5441652214015, Oeiras), Transaction(0x0076, 1909.4286827125632, Oeiras), Transaction(0x003a, 944.0738248309968, Oeiras), Transaction(0x0021, 544.4748071997138, Oeiras), Transaction(0x002e, 716.0118818919058, Oeiras), Transaction(0x0033, 835.9360378668, Oeiras), Transaction(0x0026, 557.3652348794611, Oeiras), Transaction(0x0014, 338.488826163429, Oeiras), Transaction(0x0033, 742.0186732099716, Oeiras), Transaction(0x0051, 1039.9698322379093, Oeiras), Transaction(0x0048, 1003.9618091542415, Oeiras), Transaction(0x0047, 797.8162226136279, Oeiras), Transaction(0x0017, 172.82888557088174, Oeiras), Transaction(0x0048, 946.2737360627588, Oeiras), Transaction(0x0016, 237.85351119075608, Oeiras)]);Dict{HouseLocation, Dict{SizeInterval, Int64}}(Oeiras => Dict(LessThan75 => 4, LessThan125 => 2, More => 2, LessThan50 => 4));Dict{HouseLocation, Dict{SizeInterval, Int64}}(Oeiras => Dict(LessThan75 => 4, LessThan125 => 1, More => 1, LessThan50 => 6));Dict{HouseLocation, Dict{SizeInterval, Int64}}(Oeiras => Dict(LessThan75 => 451, LessThan125 => 600, More => 470, LessThan50 => 363));House[House(0x001e, Oeiras, NotSocialNeighbourhood, 1.0, 3), House(0x0083, Oeiras, NotSocialNeighbourhood, 1.0, 3), House(0x0088, Oeiras, NotSocialNeighbourhood, 1.0, 83), House(0x0035, Oeiras, NotSocialNeighbourhood, 1.0, 92), House(0x0046, Oeiras, NotSocialNeighbourhood, 1.0, 7), House(0x0042, Oeiras, NotSocialNeighbourhood, 1.0, 34), House(0x0035, Oeiras, NotSocialNeighbourhood, 1.0, 26), House(0x0021, Oeiras, NotSocialNeighbourhood, 1.0, 48), House(0x0022, Oeiras, NotSocialNeighbourhood, 1.0, 35), House(0x0026, Oeiras, NotSocialNeighbourhood, 1.0, 77), House(0x0023, Oeiras, NotSocialNeighbourhood, 1.0, 66), House(0x0070, Oeiras, NotSocialNeighbourhood, 1.0, 57), House(0x0051, Oeiras, NotSocialNeighbourhood, 1.0, 60)];Mortgage[Mortgage(44219.753855051036, 43855.53099150881, 6, 0x0174), Mortgage(95677.4375377609, 94551.51545269886, 6, 0x012c), Mortgage(27764.12639476711, 26027.98242547636, 6, 0x0054), Mortgage(252251.9283139269, 250286.96751547095, 6, 0x0180), Mortgage(31518.003915070265, 30584.03242156051, 6, 0x009c), Mortgage(104086.84968478017, 103319.39135312864, 6, 0x018c), Mortgage(66779.62624088018, 66125.5838887623, 6, 0x0150), Mortgage(103332.91377904851, 102716.74980864233, 6, 0x01bc), Mortgage(189627.94858614873, 187656.0433183481, 6, 0x0144), Mortgage(184629.74635106078, 183109.01479901536, 6, 0x0174), Mortgage(139519.98156913443, 138491.2659089778, 6, 0x018c), Mortgage(129517.51607643529, 128820.3217578608, 6, 0x01d4), Mortgage(21075.335958882555, 19152.071359960504, 6, 0x003c), Mortgage(171760.11929467166, 170681.20698154194, 6, 0x01b0), Mortgage(154196.6059363692, 152593.14451736445, 6, 0x0144), Mortgage(67583.70951762475, 66545.7432191368, 6, 0x00fc), Mortgage(128109.28129471882, 127345.3782891651, 6, 0x01bc), Mortgage(137002.86360475214, 135578.19666899584, 6, 0x0144), Mortgage(110915.64234787365, 110318.58213525853, 6, 0x01d4), Mortgage(152684.8261837076, 149757.70540410472, 6, 0x00d8), Mortgage(436989.7870799986, 434637.46589552297, 6, 0x01d4), Mortgage(153602.4011862317, 152686.4852218255, 6, 0x01bc), Mortgage(97631.52735226516, 96871.00938428423, 6, 0x0180), Mortgage(43364.74102968295, 42940.02500746786, 6, 0x0150), Mortgage(9553.47875281144, 9486.751078956646, 6, 0x0198), Mortgage(105375.49207496044, 104507.55048495246, 6, 0x0174), Mortgage(92190.92836051228, 91106.03515104992, 6, 0x012c), Mortgage(65967.51100985077, 64954.366663201654, 6, 0x00fc), Mortgage(336594.7188731347, 334587.6377717337, 6, 0x01bc), Mortgage(154608.14181504882, 152536.9758407393, 6, 0x0114), Mortgage(47984.185291944246, 47419.51241457349, 6, 0x012c), Mortgage(126655.61532898477, 125938.24846650855, 6, 0x01c8), Mortgage(93213.350152058, 91877.62020680285, 6, 0x0108), Mortgage(167102.01744368818, 165465.41354689057, 6, 0x0150), Mortgage(99271.89537106852, 98679.94685278347, 6, 0x01bc), Mortgage(171168.65723821172, 169276.43823870303, 6, 0x0138), Mortgage(44997.81984523067, 43664.40161485097, 6, 0x009c), Mortgage(125383.03072762392, 123907.53632663174, 6, 0x012c), Mortgage(363698.06472146086, 359677.48993134184, 6, 0x0138), Mortgage(166600.2085964856, 165606.78798880964, 6, 0x01bc), Mortgage(38925.69121401958, 38283.582717683974, 6, 0x00f0), Mortgage(52484.00615698795, 52186.74111485598, 6, 0x01c8), Mortgage(138126.3287714542, 137258.68733355292, 6, 0x01b0), Mortgage(154188.11883084025, 152253.7386190038, 6, 0x0120), Mortgage(122603.06819639438, 121593.22900271797, 6, 0x0174), Mortgage(209333.83188347693, 206707.61641931688, 6, 0x0120), Mortgage(64055.57781468358, 63527.97410947093, 6, 0x0174), Mortgage(18054.328266718072, 17733.689926322244, 6, 0x00e4), Mortgage(112624.51273556208, 111759.21223839314, 5, 0x015c), Mortgage(46791.80633042863, 45894.76061836714, 6, 0x00d8), Mortgage(169550.08031243307, 168229.34011664608, 6, 0x0180), Mortgage(93858.37781882143, 91910.2623715376, 6, 0x00cc), Mortgage(12675.443631052738, 11996.288014470209, 6, 0x0060), Mortgage(223740.43752646074, 222090.7434159457, 6, 0x018c), Mortgage(363517.32715448167, 359737.179039727, 6, 0x0144), Mortgage(63829.68576636997, 63204.53525020811, 6, 0x0150), Mortgage(108798.77262058522, 107239.70647438135, 6, 0x0108), Mortgage(20161.387928954617, 19742.920103536875, 6, 0x00cc), Mortgage(140429.32874346274, 139547.22099616934, 6, 0x01b0), Mortgage(52370.48546917041, 49095.658765699336, 6, 0x0054)];House[House(0x0025, Oeiras, NotSocialNeighbourhood, 1.0, 1), House(0x002b, Oeiras, NotSocialNeighbourhood, 1.0, 1), House(0x004d, Oeiras, NotSocialNeighbourhood, 1.0, 3), House(0x001d, Oeiras, NotSocialNeighbourhood, 1.0, 3), House(0x0045, Oeiras, NotSocialNeighbourhood, 1.0, 3), House(0x0044, Oeiras, NotSocialNeighbourhood, 1.0, 70), House(0x0037, Oeiras, NotSocialNeighbourhood, 1.0, 1), House(0x0031, Oeiras, NotSocialNeighbourhood, 1.0, 1), House(0x001c, Oeiras, NotSocialNeighbourhood, 1.0, 4), House(0x001e, Oeiras, NotSocialNeighbourhood, 1.0, 3), House(0x003d, Oeiras, NotSocialNeighbourhood, 1.0, 1), House(0x0126, Oeiras, NotSocialNeighbourhood, 1.0, 79), House(0x0083, Oeiras, NotSocialNeighbourhood, 1.0, 3), House(0x0088, Oeiras, NotSocialNeighbourhood, 1.0, 83), House(0x0035, Oeiras, NotSocialNeighbourhood, 1.0, 92), House(0x0046, Oeiras, NotSocialNeighbourhood, 1.0, 7), House(0x0042, Oeiras, NotSocialNeighbourhood, 1.0, 34), House(0x0035, Oeiras, NotSocialNeighbourhood, 1.0, 26), House(0x0021, Oeiras, NotSocialNeighbourhood, 1.0, 48), House(0x0022, Oeiras, NotSocialNeighbourhood, 1.0, 35), House(0x0026, Oeiras, NotSocialNeighbourhood, 1.0, 77), House(0x0023, Oeiras, NotSocialNeighbourhood, 1.0, 66), House(0x0070, Oeiras, NotSocialNeighbourhood, 1.0, 57), House(0x0051, Oeiras, NotSocialNeighbourhood, 1.0, 60)];Dict{HouseLocation, Float64}(Oeiras => 5.697562191249368)
31;25;6.2978199887916355e9;1.7021279542983937e8;4.776730432638422e9;4.564034633928796e9;2517.3743384541285;Dict{HouseLocation, Int64}(Oeiras => 74);Dict{HouseLocation, Int64}(Oeiras => 6759);Dict{HouseLocation, Int64}(Oeiras => 62);Dict{HouseLocation, Int64}(Oeiras => 6613);2352.6347447475864;0.24000000000000002;0.18;0.98;1.0;191;14;87;120;75248;9.201217698790135e6;2.5295455267494775e7;9.001650190106452e7;1.4310548e8;-7.275957614183426e-12;2.9203767833618494e6;2.4397223313124466e8;1.5395573123018155e8;1.152348517741417e8;Dict{Any, Any}(Oeiras => Transaction[Transaction(0x0046, 120448.18534879992, Oeiras), Transaction(0x002b, 52650.1401290176, Oeiras), Transaction(0x001d, 31505.646087030684, Oeiras), Transaction(0x0042, 149362.85422845514, Oeiras), Transaction(0x006c, 262710.4689284201, Oeiras), Transaction(0x0035, 111084.3045831793, Oeiras), Transaction(0x004c, 196735.88595182277, Oeiras), Transaction(0x005c, 211201.93341222187, Oeiras), Transaction(0x004b, 161102.99481893118, Oeiras), Transaction(0x0049, 303198.94999102456, Oeiras), Transaction(0x005c, 365434.0571244378, Oeiras), Transaction(0x0056, 310196.7529272278, Oeiras), Transaction(0x0033, 123634.8190493307, Oeiras), Transaction(0x0045, 182958.2965954458, Oeiras), Transaction(0x00bb, 472759.8832376904, Oeiras), Transaction(0x003c, 193610.8321909872, Oeiras), Transaction(0x003d, 159477.02733179188, Oeiras), Transaction(0x0035, 202030.8492495027, Oeiras), Transaction(0x0026, 131040.19070370874, Oeiras), Transaction(0x0023, 116088.66085940301, Oeiras), Transaction(0x0051, 253512.57098191, Oeiras), Transaction(0x0052, 212475.18957536216, Oeiras), Transaction(0x0034, 126783.00195274243, Oeiras), Transaction(0x0056, 282820.8465172872, Oeiras), Transaction(0x004d, 288089.67687799415, Oeiras), Transaction(0x0050, 302470.77615636156, Oeiras), Transaction(0x0033, 162010.84870590206, Oeiras), Transaction(0x003b, 252141.43289880676, Oeiras), Transaction(0x0044, 178296.05225208148, Oeiras), Transaction(0x0056, 160672.6769108227, Oeiras), Transaction(0x0070, 348694.52829514275, Oeiras), Transaction(0x0027, 114250.13740429557, Oeiras), Transaction(0x0024, 139730.1389423264, Oeiras), Transaction(0x001a, 95135.91638073638, Oeiras), Transaction(0x0048, 168846.78685071814, Oeiras), Transaction(0x0075, 429876.94390426815, Oeiras), Transaction(0x0044, 228888.75795332677, Oeiras), Transaction(0x004a, 267612.86301245214, Oeiras), Transaction(0x006c, 394189.63492115925, Oeiras), Transaction(0x0092, 506243.4894005591, Oeiras), Transaction(0x0049, 237030.15291272118, Oeiras), Transaction(0x0014, 80894.34688742673, Oeiras), Transaction(0x004e, 307425.6728969009, Oeiras), Transaction(0x0053, 200165.8471464347, Oeiras), Transaction(0x0068, 388207.9754721824, Oeiras), Transaction(0x006f, 426457.5611609894, Oeiras), Transaction(0x0045, 221570.151841096, Oeiras), Transaction(0x0088, 503335.7620656665, Oeiras), Transaction(0x0053, 152716.99279893062, Oeiras), Transaction(0x0021, 83879.83837393366, Oeiras), Transaction(0x0022, 77582.26106192327, Oeiras), Transaction(0x002b, 162461.72648545896, Oeiras), Transaction(0x001e, 75377.29885791901, Oeiras), Transaction(0x005c, 374605.59041054925, Oeiras), Transaction(0x002d, 89482.49417492385, Oeiras), Transaction(0x004d, 313443.63986091904, Oeiras), Transaction(0x0030, 70780.9847325437, Oeiras), Transaction(0x005a, 234641.83969640665, Oeiras), Transaction(0x002e, 162097.55875777232, Oeiras), Transaction(0x0028, 179165.31492246548, Oeiras), Transaction(0x0065, 350362.2479172478, Oeiras), Transaction(0x005e, 253499.1835499667, Oeiras)]);Dict{Any, Any}(Oeiras => Transaction[Transaction(0x00a9, 3402.5678874999994, Oeiras), Transaction(0x0080, 2617.214891406249, Oeiras), Transaction(0x007f, 2491.64447502621, Oeiras), Transaction(0x00b9, 3312.8132593749997, Oeiras), Transaction(0x00b0, 3119.45788114897, Oeiras), Transaction(0x00ab, 3108.397609726843, Oeiras), Transaction(0x0093, 2872.977649208973, Oeiras), Transaction(0x006c, 2202.938123598227, Oeiras), Transaction(0x0065, 2235.0445272889615, Oeiras), Transaction(0x0073, 2147.449137881343, Oeiras), Transaction(0x0048, 1439.934133289527, Oeiras), Transaction(0x0090, 2581.2913878002946, Oeiras), Transaction(0x0044, 1448.3925589737846, Oeiras), Transaction(0x0069, 1951.1347653208104, Oeiras), Transaction(0x004a, 1430.0896573667321, Oeiras), Transaction(0x003a, 1079.2098985388777, Oeiras), Transaction(0x0040, 1281.5062915534297, Oeiras), Transaction(0x0030, 931.1706673673957, Oeiras), Transaction(0x004b, 1367.547456322706, Oeiras), Transaction(0x0028, 704.6071798462187, Oeiras), Transaction(0x003f, 1178.3394674325239, Oeiras), Transaction(0x003d, 1107.8576784716704, Oeiras), Transaction(0x0073, 2027.439004853603, Oeiras), Transaction(0x007f, 2120.6164916043945, Oeiras), Transaction(0x0030, 831.881384209761, Oeiras), Transaction(0x0067, 1745.1662518698306, Oeiras), Transaction(0x007b, 1908.3302728321994, Oeiras), Transaction(0x0047, 1154.3959009622934, Oeiras), Transaction(0x005c, 1492.5711872469647, Oeiras), Transaction(0x0032, 804.1987600513143, Oeiras), Transaction(0x0037, 873.8967888683434, Oeiras), Transaction(0x004d, 1224.6877062644842, Oeiras), Transaction(0x0056, 1225.4221387481246, Oeiras), Transaction(0x0048, 995.8619664480804, Oeiras), Transaction(0x0020, 408.1447130383804, Oeiras), Transaction(0x0036, 437.8034732088497, Oeiras)]);Dict{HouseLocation, Dict{SizeInterval, Int64}}(Oeiras => Dict(LessThan75 => 3, LessThan125 => 4, More => 2, LessThan50 => 4));Dict{HouseLocation, Dict{SizeInterval, Int64}}(Oeiras => Dict(LessThan75 => 5, LessThan125 => 1, More => 2, LessThan50 => 4));Dict{HouseLocation, Dict{SizeInterval, Int64}}(Oeiras => Dict(LessThan75 => 441, LessThan125 => 546, More => 492, LessThan50 => 353));House[House(0x001e, Oeiras, NotSocialNeighbourhood, 1.0, 3), House(0x0083, Oeiras, NotSocialNeighbourhood, 1.0, 3), House(0x0071, Oeiras, NotSocialNeighbourhood, 1.0, 40), House(0x0057, Oeiras, NotSocialNeighbourhood, 1.0, 45), House(0x005d, Oeiras, NotSocialNeighbourhood, 1.0, 29), House(0x0069, Oeiras, NotSocialNeighbourhood, 1.0, 75), House(0x0027, Oeiras, NotSocialNeighbourhood, 1.0, 13), House(0x0019, Oeiras, NotSocialNeighbourhood, 1.0, 18), House(0x0022, Oeiras, NotSocialNeighbourhood, 1.0, 94), House(0x0021, Oeiras, NotSocialNeighbourhood, 1.0, 59), House(0x0098, Oeiras, NotSocialNeighbourhood, 1.0, 84), House(0x0099, Oeiras, NotSocialNeighbourhood, 1.0, 26), House(0x0037, Oeiras, NotSocialNeighbourhood, 1.0, 87), House(0x0032, Oeiras, NotSocialNeighbourhood, 1.0, 52), House(0x0041, Oeiras, NotSocialNeighbourhood, 1.0, 32)];Mortgage[Mortgage(93489.2798998878, 92811.26892418425, 5, 0x0168), Mortgage(17757.73342453399, 17613.041814556487, 5, 0x0150), Mortgage(50775.92854833507, 50336.65454331787, 5, 0x0144), Mortgage(84902.20200805899, 82809.1125073229, 5, 0x009c), Mortgage(42509.088834094495, 41348.9695966323, 5, 0x0090), Mortgage(139739.2974029109, 138665.6724825467, 5, 0x015c), Mortgage(139133.59709401944, 138064.62580336418, 5, 0x015c), Mortgage(223102.09750512234, 221284.24153749214, 5, 0x0150), Mortgage(239437.4312304448, 237968.69125743984, 5, 0x018c), Mortgage(104401.12324104994, 103883.21034583678, 5, 0x01bc), Mortgage(158969.69015303318, 157197.98764824605, 5, 0x0114), Mortgage(422774.05361872393, 420676.7568911292, 5, 0x01bc), Mortgage(167149.4865092932, 166178.20880551098, 5, 0x0198), Mortgage(118528.44408574479, 117940.44840393761, 5, 0x01bc), Mortgage(170679.40597732898, 168157.61451967756, 5, 0x00e4), Mortgage(106939.05475457656, 106349.96250751342, 5, 0x01a4), Mortgage(99388.62065796241, 98920.29553618513, 5, 0x01c8), Mortgage(84550.30422901703, 83900.69946262898, 5, 0x015c), Mortgage(105458.04086148388, 104282.72074250791, 5, 0x0114), Mortgage(215915.73256333132, 213509.37167883097, 5, 0x0114), Mortgage(32318.026876326185, 31657.005802300253, 5, 0x00b4), Mortgage(40567.2090734925, 40115.091277587264, 5, 0x0114), Mortgage(137303.75160868463, 134932.82571843846, 5, 0x00cc), Mortgage(179019.63638145203, 177470.89714815284, 5, 0x0144), Mortgage(154549.6583539075, 151880.93457886972, 5, 0x00cc), Mortgage(301669.3080105132, 300007.51054153667, 5, 0x01a4), Mortgage(87916.00085249436, 86792.68191389709, 5, 0x00fc), Mortgage(101173.02895099271, 100696.2955906706, 5, 0x01c8), Mortgage(57330.55261215077, 56959.01785115355, 5, 0x0180), Mortgage(142977.2804567843, 142100.23944461145, 5, 0x018c), Mortgage(60384.02833755553, 59792.85503365629, 5, 0x012c), Mortgage(196617.8552594384, 194916.86986720696, 5, 0x0144), Mortgage(439123.7316865269, 435749.91923559824, 5, 0x015c), Mortgage(80572.5880105482, 80078.34540139804, 5, 0x018c), Mortgage(45336.43816922837, 45111.53325228928, 5, 0x01bc), Mortgage(159563.95568614797, 156808.6463136512, 5, 0x00cc), Mortgage(338568.9744149355, 336889.40208539536, 5, 0x01bc), Mortgage(115327.05597046856, 114691.75697044715, 5, 0x01a4), Mortgage(448662.41215476784, 446317.76533766784, 5, 0x01b0), Mortgage(125991.2260584535, 124262.18098529613, 5, 0x00f0), Mortgage(13816.973261615829, 13507.480672293219, 5, 0x00a8), Mortgage(67075.36153759874, 66774.97374188161, 5, 0x01d4), Mortgage(135635.63038339137, 134651.96202917057, 5, 0x0168), Mortgage(49220.43660376975, 48767.76156651218, 5, 0x0138), Mortgage(323841.2022701313, 322057.2670934575, 5, 0x01a4), Mortgage(77366.24514590397, 76696.9323173649, 5, 0x0144), Mortgage(265154.1506392732, 263527.6610045876, 5, 0x018c), Mortgage(45054.36297535916, 44436.05782218407, 5, 0x00f0), Mortgage(135868.77105029684, 134883.41189333145, 5, 0x0168), Mortgage(129338.95289145925, 128729.5000138316, 5, 0x01c8), Mortgage(282322.89047106187, 278957.15045478754, 5, 0x0108), Mortgage(34997.20179026894, 34712.04144065217, 5, 0x0150)];House[House(0x0025, Oeiras, NotSocialNeighbourhood, 1.0, 1), House(0x004d, Oeiras, NotSocialNeighbourhood, 1.0, 3), House(0x001c, Oeiras, NotSocialNeighbourhood, 1.0, 4), House(0x003e, Oeiras, NotSocialNeighbourhood, 1.0, 80), House(0x001e, Oeiras, NotSocialNeighbourhood, 1.0, 3), House(0x003d, Oeiras, NotSocialNeighbourhood, 1.0, 1), House(0x0126, Oeiras, NotSocialNeighbourhood, 1.0, 79), House(0x0037, Oeiras, NotSocialNeighbourhood, 1.0, 70), House(0x0045, Oeiras, NotSocialNeighbourhood, 1.0, 3), House(0x0031, Oeiras, NotSocialNeighbourhood, 1.0, 1), House(0x0037, Oeiras, NotSocialNeighbourhood, 1.0, 1), House(0x0083, Oeiras, NotSocialNeighbourhood, 1.0, 3), House(0x0071, Oeiras, NotSocialNeighbourhood, 1.0, 40), House(0x0057, Oeiras, NotSocialNeighbourhood, 1.0, 45), House(0x005d, Oeiras, NotSocialNeighbourhood, 1.0, 29), House(0x0069, Oeiras, NotSocialNeighbourhood, 1.0, 75), House(0x0027, Oeiras, NotSocialNeighbourhood, 1.0, 13), House(0x0019, Oeiras, NotSocialNeighbourhood, 1.0, 18), House(0x0022, Oeiras, NotSocialNeighbourhood, 1.0, 94), House(0x0021, Oeiras, NotSocialNeighbourhood, 1.0, 59), House(0x0098, Oeiras, NotSocialNeighbourhood, 1.0, 84), House(0x0099, Oeiras, NotSocialNeighbourhood, 1.0, 26), House(0x0037, Oeiras, NotSocialNeighbourhood, 1.0, 87), House(0x0032, Oeiras, NotSocialNeighbourhood, 1.0, 52), House(0x0041, Oeiras, NotSocialNeighbourhood, 1.0, 32)];Dict{HouseLocation, Float64}(Oeiras => 5.719151377586233)
32;27;6.266275895731144e9;1.6982179264421958e8;4.791210246082293e9;4.557599434081344e9;2526.6782975377987;Dict{HouseLocation, Int64}(Oeiras => 91);Dict{HouseLocation, Int64}(Oeiras => 6844);Dict{HouseLocation, Int64}(Oeiras => 63);Dict{HouseLocation, Int64}(Oeiras => 6689);2719.33600410099;0.24000000000000002;0.18;0.98;1.0;153;13;115;103;75291;9.210286818054333e6;2.534436448291034e7;9.004299553209178e7;1.4310548e8;0.0;3.220860810846475e6;2.4408332697863856e8;1.540403314465486e8;1.154576604221457e8;Dict{Any, Any}(Oeiras => Transaction[Transaction(0x001c, 35448.44778642778, Oeiras), Transaction(0x005d, 202596.88178815026, Oeiras), Transaction(0x0071, 272937.63660755183, Oeiras), Transaction(0x004f, 150693.5752239645, Oeiras), Transaction(0x003f, 98977.75923522639, Oeiras), Transaction(0x0044, 166838.11996467307, Oeiras), Transaction(0x003d, 145719.21130407215, Oeiras), Transaction(0x002b, 163271.4664122272, Oeiras), Transaction(0x0053, 251739.6708362342, Oeiras), Transaction(0x007c, 471973.95899181353, Oeiras), Transaction(0x0043, 164844.62543335443, Oeiras), Transaction(0x0029, 106211.10944953206, Oeiras), Transaction(0x0027, 127271.69281120769, Oeiras), Transaction(0x0041, 128454.84706666539, Oeiras), Transaction(0x0035, 129016.39580576382, Oeiras), Transaction(0x0022, 129621.54406473132, Oeiras), Transaction(0x007b, 305705.62167648284, Oeiras), Transaction(0x001c, 69520.63809528358, Oeiras), Transaction(0x001d, 65998.11638453671, Oeiras), Transaction(0x0098, 572356.2890874511, Oeiras), Transaction(0x003c, 241364.56490618046, Oeiras), Transaction(0x0041, 145531.18143654123, Oeiras), Transaction(0x0042, 114813.13483820748, Oeiras), Transaction(0x0040, 112817.98576233555, Oeiras), Transaction(0x008d, 464681.19639860524, Oeiras), Transaction(0x0030, 178766.53958139845, Oeiras), Transaction(0x0029, 144197.27395317808, Oeiras), Transaction(0x0032, 155882.1239460899, Oeiras), Transaction(0x0099, 330519.0674257565, Oeiras), Transaction(0x0055, 195209.4670212171, Oeiras), Transaction(0x005d, 256936.47168529552, Oeiras), Transaction(0x005a, 322350.4798858667, Oeiras), Transaction(0x0047, 239716.58455630983, Oeiras), Transaction(0x0019, 45082.86868013554, Oeiras), Transaction(0x0069, 380594.73817163816, Oeiras), Transaction(0x0017, 91053.51387652836, Oeiras), Transaction(0x0042, 217151.80411598703, Oeiras), Transaction(0x005d, 244745.9455967564, Oeiras), Transaction(0x002a, 65547.92638841186, Oeiras), Transaction(0x0036, 97893.33878423499, Oeiras), Transaction(0x0022, 147858.04212060064, Oeiras), Transaction(0x0032, 117294.79052996796, Oeiras), Transaction(0x0054, 363316.5749549669, Oeiras), Transaction(0x0045, 90740.35904593946, Oeiras), Transaction(0x0025, 40514.653257253296, Oeiras), Transaction(0x0021, 103668.58547026622, Oeiras), Transaction(0x0052, 187176.77074277875, Oeiras), Transaction(0x0014, 70278.64269202076, Oeiras), Transaction(0x0088, 500805.6810964886, Oeiras), Transaction(0x0032, 117042.26778555215, Oeiras), Transaction(0x0032, 145359.7901692417, Oeiras), Transaction(0x0059, 342871.4603949062, Oeiras), Transaction(0x0029, 99778.56941663394, Oeiras), Transaction(0x0043, 267096.98304338125, Oeiras), Transaction(0x0027, 160013.9044788916, Oeiras), Transaction(0x0037, 205521.82979785674, Oeiras), Transaction(0x004b, 281378.34646843874, Oeiras), Transaction(0x0059, 177075.61587660373, Oeiras), Transaction(0x0024, 120304.9587569344, Oeiras), Transaction(0x0072, 220941.23575573138, Oeiras), Transaction(0x0068, 367679.1545030897, Oeiras), Transaction(0x0035, 133100.24984298387, Oeiras), Transaction(0x005a, 158089.72053865885, Oeiras), Transaction(0x003e, 118074.02170608827, Oeiras), Transaction(0x0035, 133174.35362297166, Oeiras), Transaction(0x004d, 116679.4260835835, Oeiras), Transaction(0x0037, 200002.52865313514, Oeiras), Transaction(0x0027, 70175.10982276162, Oeiras), Transaction(0x0022, 138477.0019267731, Oeiras), Transaction(0x001e, 102770.0140463556, Oeiras), Transaction(0x002d, 170505.6459990879, Oeiras), Transaction(0x0060, 413368.2434635348, Oeiras), Transaction(0x00bb, 482884.3755621131, Oeiras), Transaction(0x0022, 125072.39928606126, Oeiras), Transaction(0x0057, 217037.0448427496, Oeiras), Transaction(0x0036, 190936.67514139033, Oeiras), Transaction(0x0045, 210493.71802825146, Oeiras), Transaction(0x004b, 302359.1407055557, Oeiras), Transaction(0x0053, 207111.54780097006, Oeiras), Transaction(0x003c, 140675.31609915776, Oeiras), Transaction(0x003b, 147619.4365298687, Oeiras), Transaction(0x0028, 79353.16840385544, Oeiras), Transaction(0x0022, 146097.73864335023, Oeiras)]);Dict{Any, Any}(Oeiras => Transaction[Transaction(0x0094, 2942.2767814913295, Oeiras), Transaction(0x00bd, 3367.43927753916, Oeiras), Transaction(0x0068, 2201.6346351150655, Oeiras), Transaction(0x005a, 2136.256914773625, Oeiras), Transaction(0x005e, 1998.0902307257447, Oeiras), Transaction(0x0051, 1847.285061788496, Oeiras), Transaction(0x00a1, 3032.3370447126094, Oeiras), Transaction(0x004a, 1549.5866140660085, Oeiras), Transaction(0x008c, 2566.4638455382897, Oeiras), Transaction(0x008f, 2544.5970553759225, Oeiras), Transaction(0x002a, 913.6044640762674, Oeiras), Transaction(0x0078, 2386.6890450279766, Oeiras), Transaction(0x002a, 946.1611866480915, Oeiras), Transaction(0x0066, 2110.4400712925685, Oeiras), Transaction(0x003b, 1261.074985556805, Oeiras), Transaction(0x0037, 1114.3509399346317, Oeiras), Transaction(0x0073, 2146.0030937499996, Oeiras), Transaction(0x00d0, 3181.411401783634, Oeiras), Transaction(0x0032, 944.4978912892474, Oeiras), Transaction(0x0020, 634.0302891364221, Oeiras), Transaction(0x004d, 1368.2614624531236, Oeiras), Transaction(0x0059, 1657.6966454526437, Oeiras), Transaction(0x005f, 1643.6626201415638, Oeiras), Transaction(0x0016, 464.4518180461751, Oeiras), Transaction(0x002e, 855.2165449511674, Oeiras), Transaction(0x0087, 2205.5530284153983, Oeiras), Transaction(0x0025, 650.4583119139536, Oeiras), Transaction(0x003f, 1142.4315867244663, Oeiras), Transaction(0x0062, 1728.669542304518, Oeiras), Transaction(0x0029, 664.4314021216136, Oeiras), Transaction(0x0062, 1616.1224588874413, Oeiras), Transaction(0x0040, 1135.5646461548865, Oeiras), Transaction(0x001b, 458.508477493359, Oeiras), Transaction(0x00bb, 2938.394831187022, Oeiras), Transaction(0x0019, 350.0350569973034, Oeiras), Transaction(0x002b, 534.904970899378, Oeiras), Transaction(0x003c, 907.48841187911, Oeiras), Transaction(0x006d, 1115.1812238905102, Oeiras), Transaction(0x0014, 139.62614612478833, Oeiras), Transaction(0x002b, 594.0889570183529, Oeiras)]);Dict{HouseLocation, Dict{SizeInterval, Int64}}(Oeiras => Dict(LessThan75 => 4, LessThan125 => 8, More => 3, LessThan50 => 4));Dict{HouseLocation, Dict{SizeInterval, Int64}}(Oeiras => Dict(LessThan75 => 4, LessThan125 => 0, More => 2, LessThan50 => 2));Dict{HouseLocation, Dict{SizeInterval, Int64}}(Oeiras => Dict(LessThan75 => 458, LessThan125 => 520, More => 442, LessThan50 => 355));House[House(0x001e, Oeiras, NotSocialNeighbourhood, 1.0, 3), House(0x0083, Oeiras, NotSocialNeighbourhood, 1.0, 3), House(0x0088, Oeiras, NotSocialNeighbourhood, 1.0, 44), House(0x007f, Oeiras, NotSocialNeighbourhood, 1.0, 100), House(0x008c, Oeiras, NotSocialNeighbourhood, 1.0, 82), House(0x004b, Oeiras, NotSocialNeighbourhood, 1.0, 77), House(0x0034, Oeiras, NotSocialNeighbourhood, 1.0, 66), House(0x004a, Oeiras, NotSocialNeighbourhood, 1.0, 4), House(0x004a, Oeiras, NotSocialNeighbourhood, 1.0, 60), House(0x0033, Oeiras, NotSocialNeighbourhood, 1.0, 85), House(0x002f, Oeiras, NotSocialNeighbourhood, 1.0, 27), House(0x002b, Oeiras, NotSocialNeighbourhood, 1.0, 51), House(0x001f, Oeiras, NotSocialNeighbourhood, 1.0, 96), House(0x002c, Oeiras, NotSocialNeighbourhood, 1.0, 24), House(0x005c, Oeiras, NotSocialNeighbourhood, 1.0, 18), House(0x006f, Oeiras, NotSocialNeighbourhood, 1.0, 95), House(0x0056, Oeiras, NotSocialNeighbourhood, 1.0, 67), House(0x006f, Oeiras, NotSocialNeighbourhood, 1.0, 36), House(0x004d, Oeiras, NotSocialNeighbourhood, 1.0, 10), House(0x0068, Oeiras, NotSocialNeighbourhood, 1.0, 75), House(0x0072, Oeiras, NotSocialNeighbourhood, 1.0, 13)];Mortgage[Mortgage(175268.3655760112, 174361.2086417749, 4, 0x0180), Mortgage(121336.27183280379, 120387.52805320968, 4, 0x012c), Mortgage(125715.62882879199, 124847.00354892014, 4, 0x0144), Mortgage(86040.69489971327, 85681.58513205645, 4, 0x01b0), Mortgage(126590.84079107441, 125935.62980273081, 4, 0x0180), Mortgage(141307.74919860368, 140440.65641848464, 4, 0x015c), Mortgage(124923.46366754563, 122200.57168946938, 4, 0x0090), Mortgage(163696.99109344656, 158624.83363058197, 4, 0x006c), Mortgage(143360.279407476, 141788.97469035425, 4, 0x00f0), Mortgage(87925.48536810916, 87317.96902310681, 4, 0x0144), Mortgage(110869.3588754569, 110295.51939582427, 4, 0x0180), Mortgage(111676.05737498475, 111233.59414093295, 4, 0x01bc), Mortgage(111757.06086767634, 111178.62680524414, 4, 0x0180), Mortgage(105093.4441488364, 104631.07573916463, 4, 0x01a4), Mortgage(99797.680507843, 99185.30186101198, 4, 0x015c), Mortgage(56178.123442294804, 55738.85953250046, 4, 0x012c), Mortgage(45428.46967413298, 45193.3402419551, 4, 0x0180), Mortgage(312327.42704444396, 310169.4177240785, 4, 0x0144), Mortgage(80001.91191876869, 79289.80959908395, 4, 0x0114), Mortgage(126563.24530251653, 126061.79867066948, 4, 0x01bc), Mortgage(98206.04456707589, 97773.97791425665, 4, 0x01a4), Mortgage(152045.86852052336, 151056.4136203704, 4, 0x0150), Mortgage(123301.29933554982, 120873.55996549153, 4, 0x009c), Mortgage(28343.331819490282, 27654.745036692715, 4, 0x0084), Mortgage(280957.42839066556, 279419.8017494812, 4, 0x0174), Mortgage(33341.95455282321, 33124.97818487597, 4, 0x0150), Mortgage(22492.316339123554, 22002.06297974553, 4, 0x0090), Mortgage(325995.86895052146, 324211.75547864917, 4, 0x0174), Mortgage(46802.85366681169, 46357.22576912219, 4, 0x0108), Mortgage(189048.1134166183, 188336.6563423403, 4, 0x01c8), Mortgage(30586.772363437165, 30419.376767872174, 4, 0x0174), Mortgage(51403.77149618663, 51137.714997026545, 4, 0x0180), Mortgage(68195.95549905718, 67391.22172582251, 4, 0x00e4), Mortgage(104952.1493430259, 103952.8597269978, 4, 0x0108), Mortgage(88891.05348802393, 87916.76038373489, 4, 0x00f0), Mortgage(150869.94765968714, 150272.1972865827, 4, 0x01bc), Mortgage(76073.04634578459, 75438.91206548431, 4, 0x0120), Mortgage(23592.2469983409, 23447.480224012794, 4, 0x015c), Mortgage(84730.11079175674, 84266.3989888328, 4, 0x0174), Mortgage(162706.51411446935, 161434.29113585126, 4, 0x012c), Mortgage(265232.40300717123, 262871.55181115563, 4, 0x0114), Mortgage(88650.18165665661, 87861.10051491746, 4, 0x0114), Mortgage(126589.72451821194, 123514.29176046944, 4, 0x0084), Mortgage(29794.27233138471, 29442.690525417525, 4, 0x00e4), Mortgage(67942.49796955295, 67473.05298595136, 4, 0x0144), Mortgage(54471.49192441162, 53952.847984384105, 4, 0x0108), Mortgage(127169.44074268374, 126546.42188164177, 4, 0x018c), Mortgage(177906.51044264366, 177163.97848489782, 4, 0x01b0), Mortgage(130375.44644648925, 129474.62441097107, 4, 0x0144), Mortgage(89199.21359940496, 88501.75357554884, 4, 0x012c), Mortgage(13546.985602178698, 12725.562916587289, 4, 0x003c), Mortgage(84780.01385052351, 83850.77992163075, 4, 0x00f0), Mortgage(113027.9689860685, 112144.1888857251, 4, 0x012c), Mortgage(124319.66158738537, 122852.65038966331, 4, 0x00e4), Mortgage(99802.11441752742, 98970.1779428011, 4, 0x0120), Mortgage(111971.77511058611, 111479.14484230141, 4, 0x01a4), Mortgage(96751.2264606305, 96367.89576679603, 4, 0x01bc), Mortgage(170030.9755514152, 169197.97271589714, 4, 0x018c), Mortgage(45853.41709243944, 45494.88337797414, 4, 0x012c), Mortgage(118420.3960448692, 117292.8700929537, 4, 0x0108), Mortgage(60802.955163573184, 60407.2733702053, 4, 0x0150), Mortgage(58081.03879924922, 57132.248127976476, 4, 0x00b4), Mortgage(105775.27421893924, 102887.51957509582, 4, 0x0078), Mortgage(425776.9825048855, 423573.2388866454, 4, 0x0180), Mortgage(85849.91639780115, 85380.07611148858, 4, 0x0174), Mortgage(42007.30484434363, 40511.79099562108, 4, 0x0060), Mortgage(160233.947907941, 159404.6063638065, 4, 0x0180), Mortgage(182905.11039178527, 181641.33750861874, 4, 0x0144), Mortgage(34297.390700008196, 33947.39573220793, 4, 0x00fc), Mortgage(179843.8727920164, 178740.31460408267, 4, 0x015c), Mortgage(104872.82309935341, 103939.34315106463, 4, 0x0114), Mortgage(110163.65095430323, 108644.36522380769, 4, 0x00cc), Mortgage(37940.134181563, 37416.89530943227, 4, 0x00cc), Mortgage(127299.71592288694, 126739.64894935077, 4, 0x01a4)];House[House(0x003e, Oeiras, NotSocialNeighbourhood, 1.0, 80), House(0x0036, Oeiras, NotSocialNeighbourhood, 1.0, 100), House(0x001e, Oeiras, NotSocialNeighbourhood, 1.0, 3), House(0x0031, Oeiras, NotSocialNeighbourhood, 1.0, 1), House(0x0126, Oeiras, NotSocialNeighbourhood, 1.0, 79), House(0x003d, Oeiras, NotSocialNeighbourhood, 1.0, 1), House(0x0037, Oeiras, NotSocialNeighbourhood, 1.0, 1), House(0x0083, Oeiras, NotSocialNeighbourhood, 1.0, 3), House(0x0088, Oeiras, NotSocialNeighbourhood, 1.0, 44), House(0x007f, Oeiras, NotSocialNeighbourhood, 1.0, 100), House(0x008c, Oeiras, NotSocialNeighbourhood, 1.0, 82), House(0x004b, Oeiras, NotSocialNeighbourhood, 1.0, 77), House(0x0034, Oeiras, NotSocialNeighbourhood, 1.0, 66), House(0x004a, Oeiras, NotSocialNeighbourhood, 1.0, 4), House(0x004a, Oeiras, NotSocialNeighbourhood, 1.0, 60), House(0x0033, Oeiras, NotSocialNeighbourhood, 1.0, 85), House(0x002f, Oeiras, NotSocialNeighbourhood, 1.0, 27), House(0x002b, Oeiras, NotSocialNeighbourhood, 1.0, 51), House(0x001f, Oeiras, NotSocialNeighbourhood, 1.0, 96), House(0x002c, Oeiras, NotSocialNeighbourhood, 1.0, 24), House(0x005c, Oeiras, NotSocialNeighbourhood, 1.0, 18), House(0x006f, Oeiras, NotSocialNeighbourhood, 1.0, 95), House(0x0056, Oeiras, NotSocialNeighbourhood, 1.0, 67), House(0x006f, Oeiras, NotSocialNeighbourhood, 1.0, 36), House(0x004d, Oeiras, NotSocialNeighbourhood, 1.0, 10), House(0x0068, Oeiras, NotSocialNeighbourhood, 1.0, 75), House(0x0072, Oeiras, NotSocialNeighbourhood, 1.0, 13)];Dict{HouseLocation, Float64}(Oeiras => 5.74526008078687)
33;17;6.23510349456832e9;1.7115948222337264e8;4.806067570655635e9;4.552183918038684e9;2541.0961079673993;Dict{HouseLocation, Int64}(Oeiras => 76);Dict{HouseLocation, Int64}(Oeiras => 6885);Dict{HouseLocation, Int64}(Oeiras => 63);Dict{HouseLocation, Int64}(Oeiras => 6697);2689.7302201898747;0.24000000000000002;0.18;0.98;1.0;166;8;91;128;75369;9.214947596389486e6;2.5453603576128535e7;9.007854401507947e7;1.4310548e8;-7.275957614183426e-12;3.409242560614268e6;2.4420346060728613e8;1.5412491659220812e8;1.1595530518013996e8;Dict{Any, Any}(Oeiras => Transaction[Transaction(0x0037, 63483.443913460906, Oeiras), Transaction(0x0034, 173146.1941649236, Oeiras), Transaction(0x0033, 189642.32904566525, Oeiras), Transaction(0x002c, 83726.16933381015, Oeiras), Transaction(0x008c, 524275.18957402755, Oeiras), Transaction(0x006f, 460445.08586479595, Oeiras), Transaction(0x002f, 101632.4801180205, Oeiras), Transaction(0x0036, 247908.33074382241, Oeiras), Transaction(0x004d, 135333.36815805, Oeiras), Transaction(0x006f, 261606.86186233646, Oeiras), Transaction(0x0068, 378457.38270223513, Oeiras), Transaction(0x0063, 432078.48802724783, Oeiras), Transaction(0x004f, 283180.4872519997, Oeiras), Transaction(0x0020, 119025.07228175107, Oeiras), Transaction(0x0028, 173371.0412115772, Oeiras), Transaction(0x003d, 124308.50843951722, Oeiras), Transaction(0x005f, 414990.1905975382, Oeiras), Transaction(0x004d, 150027.69215983796, Oeiras), Transaction(0x0063, 435680.133364529, Oeiras), Transaction(0x0014, 69848.33850705744, Oeiras), Transaction(0x0040, 237478.1796929023, Oeiras), Transaction(0x003c, 89358.54997494, Oeiras), Transaction(0x004a, 123703.62128552567, Oeiras), Transaction(0x007f, 551815.707088194, Oeiras), Transaction(0x003e, 239891.233950405, Oeiras), Transaction(0x0078, 232265.2255378383, Oeiras), Transaction(0x0050, 148340.63752923853, Oeiras), Transaction(0x004a, 234598.50944367883, Oeiras), Transaction(0x0029, 115508.0727123087, Oeiras), Transaction(0x002a, 65991.78628255783, Oeiras), Transaction(0x0021, 81471.00500623591, Oeiras), Transaction(0x004f, 274790.9876569395, Oeiras), Transaction(0x005c, 293180.59802401776, Oeiras), Transaction(0x002a, 184275.62050727202, Oeiras), Transaction(0x0030, 210530.15974930086, Oeiras), Transaction(0x0044, 119026.3440839215, Oeiras), Transaction(0x0039, 136122.91156181382, Oeiras), Transaction(0x004d, 296140.19309926993, Oeiras), Transaction(0x003a, 127856.06000217928, Oeiras), Transaction(0x004f, 278889.6996876922, Oeiras), Transaction(0x0072, 204950.90520221984, Oeiras), Transaction(0x004b, 261859.16014631197, Oeiras), Transaction(0x0049, 323973.8722868805, Oeiras), Transaction(0x0049, 329266.2434876875, Oeiras), Transaction(0x003d, 255230.94274523237, Oeiras), Transaction(0x008d, 328180.5483895655, Oeiras), Transaction(0x0040, 224413.35869743163, Oeiras), Transaction(0x0062, 364447.6033817582, Oeiras), Transaction(0x0037, 194329.68237101755, Oeiras), Transaction(0x0022, 78553.72284851247, Oeiras), Transaction(0x008d, 463358.45549305185, Oeiras), Transaction(0x002b, 126299.41933678629, Oeiras), Transaction(0x0088, 347933.5148599687, Oeiras), Transaction(0x001f, 127832.66869629819, Oeiras), Transaction(0x005c, 169557.7401106866, Oeiras), Transaction(0x0075, 435146.29068774846, Oeiras), Transaction(0x0056, 290115.83277395944, Oeiras), Transaction(0x0061, 172365.65935777457, Oeiras), Transaction(0x0043, 126240.39039590968, Oeiras), Transaction(0x0076, 521051.29021647, Oeiras), Transaction(0x005f, 372986.8315430022, Oeiras), Transaction(0x005e, 225278.27661500932, Oeiras), Transaction(0x0054, 280961.7509562574, Oeiras), Transaction(0x004c, 243256.32105974655, Oeiras), Transaction(0x004b, 275365.5985784926, Oeiras), Transaction(0x002f, 98181.90948061693, Oeiras), Transaction(0x008c, 544160.2144562604, Oeiras), Transaction(0x0034, 224439.91022014277, Oeiras), Transaction(0x0043, 225493.89749644502, Oeiras), Transaction(0x004c, 203143.34003368553, Oeiras), Transaction(0x0040, 270030.6477965864, Oeiras)]);Dict{Any, Any}(Oeiras => Transaction[Transaction(0x006c, 2421.65468967248, Oeiras), Transaction(0x008e, 2885.9932636074923, Oeiras), Transaction(0x0063, 2254.64644018126, Oeiras), Transaction(0x004f, 1648.353547318837, Oeiras), Transaction(0x0061, 2197.978423388396, Oeiras), Transaction(0x0047, 1605.048971200205, Oeiras), Transaction(0x0071, 2253.2092929286937, Oeiras), Transaction(0x0072, 2161.0120105721858, Oeiras), Transaction(0x005a, 1827.428656597165, Oeiras), Transaction(0x004e, 1443.843708826558, Oeiras), Transaction(0x0036, 1240.4226075413583, Oeiras), Transaction(0x004c, 1556.8887694857399, Oeiras), Transaction(0x0036, 1151.0106171087432, Oeiras), Transaction(0x0040, 1291.3933954788642, Oeiras), Transaction(0x004b, 1433.6634188461794, Oeiras), Transaction(0x005d, 1831.430779409256, Oeiras), Transaction(0x0059, 1651.8387968644408, Oeiras), Transaction(0x0086, 2346.7536752548344, Oeiras), Transaction(0x0075, 2084.008065396571, Oeiras), Transaction(0x001e, 621.9600105728694, Oeiras), Transaction(0x0023, 644.6879223578825, Oeiras), Transaction(0x0059, 1652.3529579212195, Oeiras), Transaction(0x004c, 1327.3004748381547, Oeiras), Transaction(0x0023, 627.8358379134996, Oeiras), Transaction(0x0032, 900.3306353916608, Oeiras), Transaction(0x002e, 824.412617587402, Oeiras), Transaction(0x004e, 1373.3079175287874, Oeiras), Transaction(0x0045, 1064.3059103226135, Oeiras), Transaction(0x006f, 1900.9902656467548, Oeiras), Transaction(0x0044, 1132.5891136942969, Oeiras), Transaction(0x0065, 1666.5527987303353, Oeiras), Transaction(0x0014, 357.8203929133865, Oeiras), Transaction(0x0052, 1265.2122010292087, Oeiras), Transaction(0x0041, 965.6878128166608, Oeiras), Transaction(0x004a, 990.626305, Oeiras)]);Dict{HouseLocation, Dict{SizeInterval, Int64}}(Oeiras => Dict(LessThan75 => 6, LessThan125 => 1, More => 2, LessThan50 => 3));Dict{HouseLocation, Dict{SizeInterval, Int64}}(Oeiras => Dict(LessThan75 => 1, LessThan125 => 0, More => 2, LessThan50 => 2));Dict{HouseLocation, Dict{SizeInterval, Int64}}(Oeiras => Dict(LessThan75 => 419, LessThan125 => 537, More => 453, LessThan50 => 353));House[House(0x0083, Oeiras, NotSocialNeighbourhood, 1.0, 3), House(0x001e, Oeiras, NotSocialNeighbourhood, 1.0, 3), House(0x0080, Oeiras, NotSocialNeighbourhood, 1.0, 55), House(0x007f, Oeiras, NotSocialNeighbourhood, 1.0, 97), House(0x0027, Oeiras, NotSocialNeighbourhood, 1.0, 75), House(0x001c, Oeiras, NotSocialNeighbourhood, 1.0, 63), House(0x0029, Oeiras, NotSocialNeighbourhood, 1.0, 100), House(0x006f, Oeiras, NotSocialNeighbourhood, 1.0, 19), House(0x0041, Oeiras, NotSocialNeighbourhood, 1.0, 63), House(0x0049, Oeiras, NotSocialNeighbourhood, 1.0, 53), House(0x0041, Oeiras, NotSocialNeighbourhood, 1.0, 56), House(0x003d, Oeiras, NotSocialNeighbourhood, 1.0, 24), House(0x0040, Oeiras, NotSocialNeighbourhood, 1.0, 7), House(0x0043, Oeiras, NotSocialNeighbourhood, 1.0, 96)];Mortgage[Mortgage(17403.741401853535, 17208.52026808891, 3, 0x00c0), Mortgage(77379.52104329244, 77024.00199992693, 3, 0x015c), Mortgage(117962.04963628278, 116519.21825065814, 3, 0x00b4), Mortgage(67684.6286508927, 67483.8375749486, 3, 0x01bc), Mortgage(155460.70827775245, 154352.4067811183, 3, 0x0108), Mortgage(192587.08030072576, 191590.74026486356, 3, 0x0144), Mortgage(87765.82358379751, 87311.77129908344, 3, 0x0144), Mortgage(108617.94826365932, 106845.28913915486, 3, 0x0090), Mortgage(117814.03490029248, 117272.74009233744, 3, 0x015c), Mortgage(57021.58319663163, 56324.13405813513, 3, 0x00b4), Mortgage(154837.53492284502, 152554.83987413903, 3, 0x009c), Mortgage(133017.78556490914, 132131.26464548428, 3, 0x0114), Mortgage(87928.18223789895, 87622.64139611286, 3, 0x0198), Mortgage(127630.86016342872, 126970.56802132973, 3, 0x0144), Mortgage(106515.14950705563, 105964.09848268777, 3, 0x0144), Mortgage(24293.826440046076, 23538.048206360803, 3, 0x0054), Mortgage(129208.52897306837, 128782.89042661301, 3, 0x01a4), Mortgage(349179.73505748337, 347135.43535199447, 3, 0x012c), Mortgage(26983.770865718005, 26866.745406705042, 3, 0x0168), Mortgage(71296.95502712391, 71062.0887025428, 3, 0x01a4), Mortgage(79260.38489097876, 78441.93036342811, 3, 0x00cc), Mortgage(403912.02471967414, 402430.3855325169, 3, 0x018c), Mortgage(67647.95904839423, 67297.98557229688, 3, 0x0144), Mortgage(200945.06430861028, 200348.9470442859, 3, 0x01bc), Mortgage(128438.91957708939, 127813.09118247346, 3, 0x0150), Mortgage(18433.51112022411, 18365.892899519797, 3, 0x018c), Mortgage(44740.26165723415, 44478.3263427053, 3, 0x012c), Mortgage(60321.10787529603, 59989.356144897174, 3, 0x0138), Mortgage(85449.96414497108, 84567.59510109512, 3, 0x00cc), Mortgage(56432.334889011254, 56264.9245114077, 3, 0x01bc), Mortgage(11829.551745356934, 11725.031808644444, 3, 0x00e4), Mortgage(106624.39209332594, 106233.27009654477, 3, 0x018c), Mortgage(101762.24885317849, 101294.7037343251, 3, 0x015c), Mortgage(117847.81182134389, 117415.51982350992, 3, 0x018c), Mortgage(6813.384042402671, 6712.937609783635, 3, 0x009c), Mortgage(110731.98478501105, 110325.7952241951, 3, 0x018c), Mortgage(47378.782950843684, 46960.1679853628, 3, 0x00e4), Mortgage(4380.184417963523, 4217.860019885794, 3, 0x0048), Mortgage(67169.17399620617, 65947.33205426481, 3, 0x0084), Mortgage(117889.81960764909, 116672.47178953378, 3, 0x00cc), Mortgage(195726.5915997389, 194231.08686300463, 3, 0x00fc), Mortgage(109879.36455480228, 108977.61703830236, 3, 0x00f0), Mortgage(278960.20723239717, 278041.25692726654, 3, 0x01a4), Mortgage(94062.67553880747, 93511.97834594252, 3, 0x012c), Mortgage(45585.887810068205, 43516.26271810705, 3, 0x003c), Mortgage(25575.171176985634, 25232.59379217276, 3, 0x00a8), Mortgage(53862.477103719706, 53547.13507488774, 3, 0x012c), Mortgage(389713.43269948463, 387922.90020571934, 3, 0x015c), Mortgage(86441.83164382426, 85678.07533528363, 3, 0x00e4), Mortgage(298124.0133660408, 297141.93367887853, 3, 0x01a4), Mortgage(110611.12155464804, 109873.9338713409, 3, 0x0114), Mortgage(369891.0193585132, 367254.01368107775, 3, 0x0108), Mortgage(143361.9058686715, 142774.4417009579, 3, 0x0174), Mortgage(107391.73018154787, 106951.6635333811, 3, 0x0174), Mortgage(161690.12204829365, 161234.5080242779, 3, 0x01c8), Mortgage(330024.46244108235, 328745.4868375378, 3, 0x0180), Mortgage(52852.02131422784, 49790.31244116161, 3, 0x0030), Mortgage(74089.96952537817, 73523.86402349375, 3, 0x00fc), Mortgage(75387.93118664675, 74997.91533540275, 3, 0x0144), Mortgage(76736.83777074347, 76189.76994189803, 3, 0x0108), Mortgage(184471.9643406446, 183716.04059408707, 3, 0x0174), Mortgage(52422.29644141253, 51468.707813262685, 3, 0x0084), Mortgage(110884.91794462403, 108867.86405795395, 3, 0x0084)];House[House(0x0126, Oeiras, NotSocialNeighbourhood, 1.0, 79), House(0x0083, Oeiras, NotSocialNeighbourhood, 1.0, 3), House(0x0031, Oeiras, NotSocialNeighbourhood, 1.0, 1), House(0x003d, Oeiras, NotSocialNeighbourhood, 1.0, 1), House(0x001e, Oeiras, NotSocialNeighbourhood, 1.0, 3), House(0x0080, Oeiras, NotSocialNeighbourhood, 1.0, 55), House(0x007f, Oeiras, NotSocialNeighbourhood, 1.0, 97), House(0x0027, Oeiras, NotSocialNeighbourhood, 1.0, 75), House(0x001c, Oeiras, NotSocialNeighbourhood, 1.0, 63), House(0x0029, Oeiras, NotSocialNeighbourhood, 1.0, 100), House(0x006f, Oeiras, NotSocialNeighbourhood, 1.0, 19), House(0x0041, Oeiras, NotSocialNeighbourhood, 1.0, 63), House(0x0049, Oeiras, NotSocialNeighbourhood, 1.0, 53), House(0x0041, Oeiras, NotSocialNeighbourhood, 1.0, 56), House(0x003d, Oeiras, NotSocialNeighbourhood, 1.0, 24), House(0x0040, Oeiras, NotSocialNeighbourhood, 1.0, 7), House(0x0043, Oeiras, NotSocialNeighbourhood, 1.0, 96)];Dict{HouseLocation, Float64}(Oeiras => 5.770443637423006)
34;15;6.204409310163835e9;1.702390097132659e8;4.820909796456484e9;4.548484048138628e9;2552.4656150258697;Dict{HouseLocation, Int64}(Oeiras => 67);Dict{HouseLocation, Int64}(Oeiras => 6972);Dict{HouseLocation, Int64}(Oeiras => 78);Dict{HouseLocation, Int64}(Oeiras => 6755);2966.148955940066;0.24000000000000002;0.18;0.98;1.0;141;12;107;136;75454;9.2123034450378e6;2.5481527375031274e7;9.012596553097051e7;1.4310548e8;0.0;3.8315398358063875e6;2.4434576779686946e8;1.5421980226590043e8;1.1608251359736514e8;Dict{Any, Any}(Oeiras => Transaction[Transaction(0x0027, 176832.02231402148, Oeiras), Transaction(0x0041, 269872.975866367, Oeiras), Transaction(0x006f, 206706.74014819268, Oeiras), Transaction(0x0047, 175036.44752057505, Oeiras), Transaction(0x0027, 139656.22136727933, Oeiras), Transaction(0x0063, 168123.62903817437, Oeiras), Transaction(0x0027, 141071.54780148025, Oeiras), Transaction(0x0057, 155257.9981257514, Oeiras), Transaction(0x004e, 307807.7831449094, Oeiras), Transaction(0x009e, 675539.4167542084, Oeiras), Transaction(0x0041, 265519.5135403023, Oeiras), Transaction(0x0042, 113766.75786976346, Oeiras), Transaction(0x007e, 247764.6005411655, Oeiras), Transaction(0x0083, 209201.73093072974, Oeiras), Transaction(0x007f, 538798.5766220788, Oeiras), Transaction(0x001c, 93094.75673271695, Oeiras), Transaction(0x0029, 175009.31221181017, Oeiras), Transaction(0x003d, 116668.36501617673, Oeiras), Transaction(0x006c, 456303.9341163637, Oeiras), Transaction(0x004e, 245119.22268434273, Oeiras), Transaction(0x0041, 203248.38070191053, Oeiras), Transaction(0x0049, 143307.0240173328, Oeiras), Transaction(0x002c, 64413.51684406186, Oeiras), Transaction(0x0027, 146326.78281257686, Oeiras), Transaction(0x0029, 80288.5992573783, Oeiras), Transaction(0x0020, 120306.30960889338, Oeiras), Transaction(0x0040, 274480.1770326276, Oeiras), Transaction(0x0062, 404519.0618741055, Oeiras), Transaction(0x0029, 80382.88671827463, Oeiras), Transaction(0x0021, 144568.1432657436, Oeiras), Transaction(0x001e, 60620.62039364273, Oeiras), Transaction(0x0040, 110282.13176285735, Oeiras), Transaction(0x006f, 406781.2396759319, Oeiras), Transaction(0x0028, 64747.5814357712, Oeiras), Transaction(0x0049, 221515.71848131216, Oeiras), Transaction(0x0041, 212928.30683549133, Oeiras), Transaction(0x0040, 141732.09926403608, Oeiras), Transaction(0x0018, 49971.17061006872, Oeiras), Transaction(0x005b, 347041.9225509976, Oeiras), Transaction(0x0052, 362757.2431196598, Oeiras), Transaction(0x0075, 186981.7001585429, Oeiras), Transaction(0x0055, 223762.16171165896, Oeiras), Transaction(0x004f, 199553.68790640516, Oeiras), Transaction(0x004c, 202561.79142569835, Oeiras), Transaction(0x0057, 342021.78327737306, Oeiras), Transaction(0x004d, 253060.67185428852, Oeiras), Transaction(0x0080, 403451.06221982994, Oeiras), Transaction(0x0043, 279090.6962352022, Oeiras), Transaction(0x006f, 393116.1492296008, Oeiras), Transaction(0x001f, 123520.38044922629, Oeiras), Transaction(0x0025, 155680.9874271145, Oeiras), Transaction(0x0034, 96823.17863805791, Oeiras), Transaction(0x001f, 81364.31727638902, Oeiras), Transaction(0x0029, 72754.39002542339, Oeiras), Transaction(0x002a, 182649.9858935588, Oeiras), Transaction(0x002c, 213795.63017227713, Oeiras), Transaction(0x0040, 203237.7261083845, Oeiras), Transaction(0x0079, 432574.04099339875, Oeiras), Transaction(0x0046, 283029.1979557785, Oeiras), Transaction(0x004d, 241406.93073869048, Oeiras), Transaction(0x0042, 214519.4415628873, Oeiras), Transaction(0x001a, 90592.68417575861, Oeiras), Transaction(0x003c, 169027.4679950206, Oeiras)]);Dict{Any, Any}(Oeiras => Transaction[Transaction(0x004f, 1986.021449515434, Oeiras), Transaction(0x0062, 2325.51235, Oeiras), Transaction(0x0091, 3042.9182702997623, Oeiras), Transaction(0x006c, 2533.8325141564756, Oeiras), Transaction(0x005f, 2177.3306977450184, Oeiras), Transaction(0x0057, 2000.4967763104783, Oeiras), Transaction(0x0074, 2658.8080994353077, Oeiras), Transaction(0x006d, 2534.916273452107, Oeiras), Transaction(0x007f, 2844.993383124599, Oeiras), Transaction(0x004b, 1633.5832735702352, Oeiras), Transaction(0x0058, 1789.0761963377076, Oeiras), Transaction(0x003b, 1407.736836936836, Oeiras), Transaction(0x0025, 882.532739546027, Oeiras), Transaction(0x004b, 1657.2113677067925, Oeiras), Transaction(0x0027, 866.5566770158191, Oeiras), Transaction(0x0061, 1982.1252241231446, Oeiras), Transaction(0x006d, 2150.469596522729, Oeiras), Transaction(0x0056, 1762.9198279478483, Oeiras), Transaction(0x0035, 1082.3383593847998, Oeiras), Transaction(0x0027, 860.5078652494717, Oeiras), Transaction(0x0044, 1414.2180701554391, Oeiras), Transaction(0x0067, 2076.4345064602626, Oeiras), Transaction(0x0045, 1422.6908462424547, Oeiras), Transaction(0x0035, 1089.9605750602918, Oeiras), Transaction(0x0052, 1600.9233332403576, Oeiras), Transaction(0x0026, 737.5412821672347, Oeiras), Transaction(0x003a, 1193.5771524612023, Oeiras), Transaction(0x008d, 2521.732787415401, Oeiras), Transaction(0x0038, 1148.1048982268053, Oeiras), Transaction(0x002b, 810.8309038095857, Oeiras), Transaction(0x0054, 1674.2554351656966, Oeiras), Transaction(0x002a, 902.0957949999998, Oeiras), Transaction(0x0054, 1449.8107730944296, Oeiras), Transaction(0x0039, 1079.2188550013843, Oeiras), Transaction(0x00b2, 3080.224663646885, Oeiras), Transaction(0x0058, 1640.236681878969, Oeiras), Transaction(0x003a, 1103.0502015150591, Oeiras), Transaction(0x0091, 2537.0594821046807, Oeiras), Transaction(0x0043, 1174.669059399879, Oeiras), Transaction(0x0044, 1153.1400412847079, Oeiras), Transaction(0x0070, 1969.054994788859, Oeiras), Transaction(0x0073, 1986.3836640542954, Oeiras), Transaction(0x0016, 374.7095855477771, Oeiras), Transaction(0x0046, 1091.5184210390137, Oeiras), Transaction(0x007a, 1928.111997145658, Oeiras), Transaction(0x0034, 419.07148452283894, Oeiras), Transaction(0x0056, 1266.1552005208332, Oeiras)]);Dict{HouseLocation, Dict{SizeInterval, Int64}}(Oeiras => Dict(LessThan75 => 2, LessThan125 => 4, More => 0, LessThan50 => 5));Dict{HouseLocation, Dict{SizeInterval, Int64}}(Oeiras => Dict(LessThan75 => 1, LessThan125 => 0, More => 1, LessThan50 => 2));Dict{HouseLocation, Dict{SizeInterval, Int64}}(Oeiras => Dict(LessThan75 => 445, LessThan125 => 503, More => 441, LessThan50 => 378));House[House(0x001e, Oeiras, NotSocialNeighbourhood, 1.0, 3), House(0x003d, Oeiras, NotSocialNeighbourhood, 1.0, 83), House(0x0034, Oeiras, NotSocialNeighbourhood, 1.0, 56), House(0x004e, Oeiras, NotSocialNeighbourhood, 1.0, 54), House(0x006c, Oeiras, NotSocialNeighbourhood, 1.0, 56), House(0x005d, Oeiras, NotSocialNeighbourhood, 1.0, 62), House(0x0051, Oeiras, NotSocialNeighbourhood, 1.0, 65), House(0x0023, Oeiras, NotSocialNeighbourhood, 1.0, 98), House(0x0024, Oeiras, NotSocialNeighbourhood, 1.0, 98), House(0x0027, Oeiras, NotSocialNeighbourhood, 1.0, 32), House(0x001d, Oeiras, NotSocialNeighbourhood, 1.0, 56), House(0x0022, Oeiras, NotSocialNeighbourhood, 1.0, 96)];Mortgage[Mortgage(126529.08037097484, 126036.05302867654, 2, 0x012c), Mortgage(18590.202983190742, 18205.285439275296, 2, 0x0054), Mortgage(178329.67687567516, 177588.88466942692, 2, 0x0120), Mortgage(148449.52455388664, 147429.28464458094, 2, 0x00cc), Mortgage(108756.35263966356, 108162.32237978028, 2, 0x00f0), Mortgage(99415.48193801807, 99111.48026606852, 2, 0x015c), Mortgage(133284.47935361284, 132876.90999139132, 2, 0x015c), Mortgage(20176.057368485956, 20136.221363410586, 2, 0x01bc), Mortgage(212483.1104215617, 212041.16353111214, 2, 0x01b0), Mortgage(180869.8163250339, 180512.70339709587, 2, 0x01bc), Mortgage(192015.46357948484, 190796.5783343728, 2, 0x00d8), Mortgage(61413.57616365775, 61101.26503086415, 2, 0x00fc), Mortgage(56582.41044074047, 55410.84913636103, 2, 0x0054), Mortgage(89252.70533972142, 88829.21472982892, 2, 0x0108), Mortgage(384685.5952590178, 383509.2687769256, 2, 0x015c), Mortgage(90714.49439508936, 90091.0464735653, 2, 0x00cc), Mortgage(148796.04754947196, 147921.04893856106, 2, 0x00e4), Mortgage(118831.1393553678, 118014.45589879934, 2, 0x00cc), Mortgage(45235.37531374501, 44988.29842029151, 2, 0x00f0), Mortgage(101620.5921630986, 101309.84750522583, 2, 0x015c), Mortgage(68666.60166379965, 68516.05177385353, 2, 0x01a4), Mortgage(87864.94575136628, 87611.32868384362, 2, 0x0168), Mortgage(37347.22787275634, 37218.632920127435, 2, 0x0144), Mortgage(102136.6076485411, 101912.67556702868, 2, 0x01a4), Mortgage(64017.433847388726, 63891.03656505149, 2, 0x01bc), Mortgage(97534.05388759208, 97071.2695293037, 2, 0x0108), Mortgage(44815.27485020478, 44660.965722736255, 2, 0x0144), Mortgage(95393.24502826919, 95204.89872632826, 2, 0x01bc), Mortgage(101472.3026871031, 100774.92023874806, 2, 0x00cc), Mortgage(34603.12560387669, 34399.64112068502, 2, 0x00e4), Mortgage(190145.71954050762, 189302.2858466399, 2, 0x0114), Mortgage(111253.66425492588, 110820.158390126, 2, 0x012c), Mortgage(123458.05788918446, 123121.35086577755, 2, 0x0174), Mortgage(12419.654004502307, 12297.792576238238, 2, 0x009c), Mortgage(162619.55036177934, 162222.52929879996, 2, 0x018c), Mortgage(92434.22354509917, 92074.04863954993, 2, 0x012c), Mortgage(173402.69275263636, 172805.62806188548, 2, 0x0144), Mortgage(46303.724614497216, 45890.92319159744, 2, 0x00a8), Mortgage(107523.37832475733, 107260.86962969169, 2, 0x018c), Mortgage(65578.4502327976, 64414.99647027829, 2, 0x0060), Mortgage(15602.114815926878, 15475.103662800027, 2, 0x00b4), Mortgage(327514.80483832397, 326062.0399677359, 2, 0x0114), Mortgage(99951.7644807281, 99536.55883786865, 2, 0x0120), Mortgage(112027.82642383041, 111664.52286806391, 2, 0x0150), Mortgage(82651.41864087999, 82470.20737253735, 2, 0x01a4), Mortgage(55076.26794828483, 54917.29349666834, 2, 0x0168), Mortgage(52425.56965739417, 52310.62784360051, 2, 0x01a4), Mortgage(150311.1192464432, 149998.48483696397, 2, 0x01b0), Mortgage(174073.27348893392, 173540.97645480235, 2, 0x015c), Mortgage(29654.259347075742, 29196.369018056143, 2, 0x006c), Mortgage(54656.354051357484, 54522.91545965204, 2, 0x018c), Mortgage(92770.55864914364, 92132.98014138572, 2, 0x00cc), Mortgage(72502.3921524818, 72359.24200133908, 2, 0x01bc), Mortgage(147276.7372915622, 146896.86693797068, 2, 0x0180)];House[House(0x001e, Oeiras, NotSocialNeighbourhood, 1.0, 3), House(0x0126, Oeiras, NotSocialNeighbourhood, 1.0, 79), House(0x0031, Oeiras, NotSocialNeighbourhood, 1.0, 1), House(0x003d, Oeiras, NotSocialNeighbourhood, 1.0, 1), House(0x003d, Oeiras, NotSocialNeighbourhood, 1.0, 83), House(0x0034, Oeiras, NotSocialNeighbourhood, 1.0, 56), House(0x004e, Oeiras, NotSocialNeighbourhood, 1.0, 54), House(0x006c, Oeiras, NotSocialNeighbourhood, 1.0, 56), House(0x005d, Oeiras, NotSocialNeighbourhood, 1.0, 62), House(0x0051, Oeiras, NotSocialNeighbourhood, 1.0, 65), House(0x0023, Oeiras, NotSocialNeighbourhood, 1.0, 98), House(0x0024, Oeiras, NotSocialNeighbourhood, 1.0, 98), House(0x0027, Oeiras, NotSocialNeighbourhood, 1.0, 32), House(0x001d, Oeiras, NotSocialNeighbourhood, 1.0, 56), House(0x0022, Oeiras, NotSocialNeighbourhood, 1.0, 96)];Dict{HouseLocation, Float64}(Oeiras => 5.804969802216191)
35;16;6.174227218721185e9;1.6820546248523268e8;4.835861752683682e9;4.545433980004387e9;2567.478859272968;Dict{HouseLocation, Int64}(Oeiras => 64);Dict{HouseLocation, Int64}(Oeiras => 6966);Dict{HouseLocation, Int64}(Oeiras => 78);Dict{HouseLocation, Int64}(Oeiras => 6837);2434.3074267633574;0.24000000000000002;0.18;0.98;1.0;177;9;114;115;75521;9.223804165252378e6;2.553904881602093e7;9.016359840303017e7;1.4310548e8;0.0;4.224371839317236e6;2.4449807949061963e8;1.543344810875918e8;1.1634455571743e8;Dict{Any, Any}(Oeiras => Transaction[Transaction(0x001d, 91571.997197671, Oeiras), Transaction(0x0034, 163552.6552035803, Oeiras), Transaction(0x006c, 344009.35884977446, Oeiras), Transaction(0x005e, 426176.3226759367, Oeiras), Transaction(0x0024, 153913.68991498754, Oeiras), Transaction(0x005e, 227628.81300414278, Oeiras), Transaction(0x0068, 399691.15004246, Oeiras), Transaction(0x0030, 200990.6194466317, Oeiras), Transaction(0x0034, 189988.9039822423, Oeiras), Transaction(0x007c, 415992.85084040713, Oeiras), Transaction(0x003e, 248381.4638960957, Oeiras), Transaction(0x0032, 116905.2451138062, Oeiras), Transaction(0x003a, 104964.4855199775, Oeiras), Transaction(0x0063, 393972.41563161684, Oeiras), Transaction(0x009e, 651255.0639342903, Oeiras), Transaction(0x002e, 85753.51703683115, Oeiras), Transaction(0x002d, 144675.7593590664, Oeiras), Transaction(0x002a, 196734.12351351924, Oeiras), Transaction(0x003d, 229134.53206068306, Oeiras), Transaction(0x0051, 276257.4673588727, Oeiras), Transaction(0x001c, 105684.83698235096, Oeiras), Transaction(0x004e, 240155.71665375668, Oeiras), Transaction(0x0054, 295021.07575480174, Oeiras), Transaction(0x0042, 174385.66682463148, Oeiras), Transaction(0x0029, 158254.90314217072, Oeiras), Transaction(0x003d, 228952.7444011142, Oeiras), Transaction(0x0043, 106105.40696731245, Oeiras), Transaction(0x0054, 315854.5282299984, Oeiras), Transaction(0x004f, 280549.1226832094, Oeiras), Transaction(0x003f, 244565.2275165148, Oeiras), Transaction(0x002a, 141447.08177502317, Oeiras), Transaction(0x0042, 246216.44628547144, Oeiras), Transaction(0x0040, 256654.20336485445, Oeiras), Transaction(0x0022, 143280.12222156517, Oeiras), Transaction(0x0027, 90027.06173800978, Oeiras), Transaction(0x0031, 49806.555709128326, Oeiras), Transaction(0x003e, 136428.68045122633, Oeiras), Transaction(0x004e, 208927.83131960093, Oeiras), Transaction(0x0041, 211891.21715450645, Oeiras), Transaction(0x003f, 133232.3536095421, Oeiras), Transaction(0x0059, 347822.16081112495, Oeiras), Transaction(0x008c, 537315.1838050754, Oeiras), Transaction(0x0038, 187312.3689871989, Oeiras), Transaction(0x0020, 123168.31460392292, Oeiras), Transaction(0x0075, 352525.3876248033, Oeiras), Transaction(0x0047, 194007.59433816737, Oeiras), Transaction(0x0023, 149770.88763079804, Oeiras), Transaction(0x0060, 377194.15713433205, Oeiras), Transaction(0x002b, 177491.3176430246, Oeiras), Transaction(0x005d, 309151.12245443737, Oeiras), Transaction(0x005b, 293593.8649181466, Oeiras), Transaction(0x004f, 279551.17671820056, Oeiras), Transaction(0x0058, 398966.10487169004, Oeiras), Transaction(0x003b, 223892.62935550988, Oeiras), Transaction(0x0050, 181422.88223707958, Oeiras), Transaction(0x0029, 139671.05648862812, Oeiras), Transaction(0x0046, 263163.9862916351, Oeiras), Transaction(0x001f, 118406.69817891976, Oeiras)]);Dict{Any, Any}(Oeiras => Transaction[Transaction(0x0095, 3086.249153460826, Oeiras), Transaction(0x0070, 2763.7417071735595, Oeiras), Transaction(0x007a, 2797.3910606071013, Oeiras), Transaction(0x0067, 2410.852922080988, Oeiras), Transaction(0x0072, 2752.5228326016513, Oeiras), Transaction(0x0068, 2425.250551960775, Oeiras), Transaction(0x0066, 2533.8927368612094, Oeiras), Transaction(0x004e, 1862.6902420450654, Oeiras), Transaction(0x005b, 2047.0544297671884, Oeiras), Transaction(0x0027, 867.3386766547693, Oeiras), Transaction(0x003a, 1362.1393475465745, Oeiras), Transaction(0x0092, 3115.3572754406864, Oeiras), Transaction(0x004f, 1700.0902770917817, Oeiras), Transaction(0x0045, 1651.4329540540741, Oeiras), Transaction(0x003f, 1538.2329776859237, Oeiras), Transaction(0x0043, 1528.0935977341078, Oeiras), Transaction(0x0051, 1729.8520311518143, Oeiras), Transaction(0x0092, 3227.8222672738993, Oeiras), Transaction(0x00b1, 3312.8132593749997, Oeiras), Transaction(0x0060, 1934.3244823653156, Oeiras), Transaction(0x005e, 1940.2739283347914, Oeiras), Transaction(0x003e, 1308.6560416912516, Oeiras), Transaction(0x005b, 1815.352552413112, Oeiras), Transaction(0x0056, 1639.1453949313204, Oeiras), Transaction(0x004c, 1613.6663929010276, Oeiras), Transaction(0x0041, 1463.4569354699167, Oeiras), Transaction(0x0083, 2588.7781752911997, Oeiras), Transaction(0x004f, 1517.397446446335, Oeiras), Transaction(0x0047, 1296.3481701049425, Oeiras), Transaction(0x0061, 1789.8394748495566, Oeiras), Transaction(0x006e, 2057.9850440478704, Oeiras), Transaction(0x008c, 2578.099760243816, Oeiras), Transaction(0x0052, 1491.012332973381, Oeiras), Transaction(0x0043, 1344.1416787124567, Oeiras), Transaction(0x0057, 1570.5637191598414, Oeiras), Transaction(0x0042, 1123.8882102625544, Oeiras), Transaction(0x006b, 1829.6660357511096, Oeiras), Transaction(0x0044, 1189.1996817708334, Oeiras), Transaction(0x003b, 1001.1368869515887, Oeiras), Transaction(0x0048, 1186.1472786021036, Oeiras), Transaction(0x0033, 864.9079201595923, Oeiras), Transaction(0x0061, 1519.4503503598398, Oeiras), Transaction(0x0043, 1059.7386964962955, Oeiras), Transaction(0x003f, 1015.5529919033949, Oeiras), Transaction(0x0027, 578.8222222746921, Oeiras), Transaction(0x0047, 1104.7033176173982, Oeiras), Transaction(0x005b, 1238.3056662126087, Oeiras)]);Dict{HouseLocation, Dict{SizeInterval, Int64}}(Oeiras => Dict(LessThan75 => 2, LessThan125 => 3, More => 1, LessThan50 => 4));Dict{HouseLocation, Dict{SizeInterval, Int64}}(Oeiras => Dict(LessThan75 => 3, LessThan125 => 1, More => 1, LessThan50 => 1));Dict{HouseLocation, Dict{SizeInterval, Int64}}(Oeiras => Dict(LessThan75 => 443, LessThan125 => 512, More => 445, LessThan50 => 363));House[House(0x001e, Oeiras, NotSocialNeighbourhood, 1.0, 3), House(0x0086, Oeiras, NotSocialNeighbourhood, 1.0, 42), House(0x0032, Oeiras, NotSocialNeighbourhood, 1.0, 32), House(0x0043, Oeiras, NotSocialNeighbourhood, 1.0, 99), House(0x001f, Oeiras, NotSocialNeighbourhood, 1.0, 62), House(0x0031, Oeiras, NotSocialNeighbourhood, 1.0, 62), House(0x002e, Oeiras, NotSocialNeighbourhood, 1.0, 50), House(0x001d, Oeiras, NotSocialNeighbourhood, 1.0, 41), House(0x0056, Oeiras, NotSocialNeighbourhood, 1.0, 20), House(0x007b, Oeiras, NotSocialNeighbourhood, 1.0, 40), House(0x0073, Oeiras, NotSocialNeighbourhood, 1.0, 78)];Mortgage[Mortgage(79640.49673694471, 79569.63889416076, 1, 0x01d4), Mortgage(141791.06897642036, 141497.05468482344, 1, 0x0120), Mortgage(39640.86595664534, 39595.10277506208, 1, 0x0198), Mortgage(198250.95754690457, 197981.06256431708, 1, 0x0174), Mortgage(37987.285445697096, 37949.84642176127, 1, 0x01bc), Mortgage(87517.88001681137, 87310.59592744875, 1, 0x0108), Mortgage(136977.01022186264, 136710.5851332461, 1, 0x012c), Mortgage(47080.53710751093, 46849.94472407752, 1, 0x009c), Mortgage(137627.62776559542, 137322.89665107307, 1, 0x0114), Mortgage(41930.451340469415, 41807.369979950214, 1, 0x00e4), Mortgage(76979.59283026744, 76854.97903276261, 1, 0x0150), Mortgage(88051.1432942038, 87943.83764806074, 1, 0x018c), Mortgage(149492.381090994, 149264.19572329978, 1, 0x015c), Mortgage(62057.72099261002, 61920.31458090463, 1, 0x0114), Mortgage(124191.26313029109, 124012.3259215763, 1, 0x0168), Mortgage(141327.09108127514, 141084.1853544277, 1, 0x0144), Mortgage(239743.7370791681, 239507.45350676592, 1, 0x01bc), Mortgage(66041.57883052365, 65969.30199698423, 1, 0x01a4), Mortgage(57264.93430000183, 57208.495856959984, 1, 0x01bc), Mortgage(35255.292675884964, 34821.23480994764, 1, 0x0048), Mortgage(93324.99024848163, 92867.90047726354, 1, 0x009c), Mortgage(52457.466042638756, 51992.90576752576, 1, 0x0060), Mortgage(83151.30260150881, 83044.24510427234, 1, 0x0180), Mortgage(232278.68186726831, 231764.37712515832, 1, 0x0114), Mortgage(238207.05799969676, 237959.7449257613, 1, 0x01b0), Mortgage(61762.180091171555, 61459.679542362086, 1, 0x009c), Mortgage(120241.84728355957, 119957.05722908542, 1, 0x0108), Mortgage(182374.29927624954, 182126.0184662266, 1, 0x0174), Mortgage(72445.8832572021, 72374.48296825028, 1, 0x01bc), Mortgage(95254.87169461911, 95091.1525260739, 1, 0x0144), Mortgage(66180.5745047912, 66051.85096645018, 1, 0x012c), Mortgage(22065.033123291956, 21945.397609098327, 1, 0x0090), Mortgage(110100.82014394431, 109872.51793229906, 1, 0x0120), Mortgage(77989.8509213799, 77883.67706115304, 1, 0x0174), Mortgage(116077.19512409526, 115968.52944432688, 1, 0x01c8), Mortgage(19376.72148557054, 19310.24767476394, 1, 0x00cc), Mortgage(126159.00133195339, 125879.6637185173, 1, 0x0114), Mortgage(97880.28739287204, 97648.46017956563, 1, 0x0108), Mortgage(82783.96863414289, 82688.39913288802, 1, 0x0198), Mortgage(164228.71208246614, 164017.26723025285, 1, 0x0180), Mortgage(126211.2619712257, 126073.13458944848, 1, 0x01a4), Mortgage(47644.78839445626, 47579.92570984066, 1, 0x0174), Mortgage(131271.65150368356, 131059.150262807, 1, 0x0150), Mortgage(108829.64346112218, 108642.59267386535, 1, 0x0144), Mortgage(64076.700396934466, 63943.832609061275, 1, 0x0120), Mortgage(46804.03289870557, 46643.46691079006, 1, 0x00cc), Mortgage(182089.37399060847, 181867.46639008407, 1, 0x018c), Mortgage(155626.83333110783, 155465.2573019962, 1, 0x01b0), Mortgage(115715.70971127917, 115516.8235079332, 1, 0x0144), Mortgage(103095.19491581206, 102982.36608322515, 1, 0x01a4)];House[House(0x003d, Oeiras, NotSocialNeighbourhood, 1.0, 1), House(0x003d, Oeiras, NotSocialNeighbourhood, 1.0, 4), House(0x001e, Oeiras, NotSocialNeighbourhood, 1.0, 3), House(0x0126, Oeiras, NotSocialNeighbourhood, 1.0, 79), House(0x0033, Oeiras, NotSocialNeighbourhood, 1.0, 1), House(0x005f, Oeiras, NotSocialNeighbourhood, 1.0, 1), House(0x0086, Oeiras, NotSocialNeighbourhood, 1.0, 42), House(0x0032, Oeiras, NotSocialNeighbourhood, 1.0, 32), House(0x0043, Oeiras, NotSocialNeighbourhood, 1.0, 99), House(0x001f, Oeiras, NotSocialNeighbourhood, 1.0, 62), House(0x0031, Oeiras, NotSocialNeighbourhood, 1.0, 62), House(0x002e, Oeiras, NotSocialNeighbourhood, 1.0, 50), House(0x001d, Oeiras, NotSocialNeighbourhood, 1.0, 41), House(0x0056, Oeiras, NotSocialNeighbourhood, 1.0, 20), House(0x007b, Oeiras, NotSocialNeighbourhood, 1.0, 40), House(0x0073, Oeiras, NotSocialNeighbourhood, 1.0, 78)];Dict{HouseLocation, Float64}(Oeiras => 5.8425963296338415)
36;21;6.146228731123527e9;1.656852691884551e8;4.849408662878212e9;4.53986993059792e9;2582.2288724982145;Dict{HouseLocation, Int64}(Oeiras => 68);Dict{HouseLocation, Int64}(Oeiras => 7085);Dict{HouseLocation, Int64}(Oeiras => 85);Dict{HouseLocation, Int64}(Oeiras => 6894);2462.2699947976253;0.27;0.19999999999999998;0.97;1.0;177;15;103;110;75573;9.239637417970076e6;2.557941182658094e7;9.020511324039209e7;1.4164522e8;7.275957614183426e-12;4.653726055316411e6;2.446267414604131e8;1.544216282200204e8;1.1652843165442361e8;Dict{Any, Any}(Oeiras => Transaction[Transaction(0x0031, 162341.25726964683, Oeiras), Transaction(0x003d, 68137.358636228, Oeiras), Transaction(0x003b, 253646.09626495535, Oeiras), Transaction(0x007c, 477946.5394528907, Oeiras), Transaction(0x003d, 268907.46285954607, Oeiras), Transaction(0x0022, 118093.31464552594, Oeiras), Transaction(0x0035, 229101.41412251064, Oeiras), Transaction(0x004e, 270324.7736678124, Oeiras), Transaction(0x002f, 186599.4341131957, Oeiras), Transaction(0x004a, 332343.4554009886, Oeiras), Transaction(0x0070, 476009.4446178633, Oeiras), Transaction(0x0053, 365560.3477016937, Oeiras), Transaction(0x0065, 444052.1794671408, Oeiras), Transaction(0x0090, 601349.4109646021, Oeiras), Transaction(0x0126, 874018.8490558341, Oeiras), Transaction(0x006d, 200290.85004072412, Oeiras), Transaction(0x001f, 104680.9872669231, Oeiras), Transaction(0x001d, 72083.9307259412, Oeiras), Transaction(0x002e, 122770.72524413613, Oeiras), Transaction(0x0046, 128713.04149754085, Oeiras), Transaction(0x002a, 187787.4287119878, Oeiras), Transaction(0x002f, 183880.67396453168, Oeiras), Transaction(0x0062, 426243.25788989384, Oeiras), Transaction(0x0043, 282020.7326680014, Oeiras), Transaction(0x0050, 384579.1898257489, Oeiras), Transaction(0x0035, 115908.63674469829, Oeiras), Transaction(0x0068, 408210.2243410017, Oeiras), Transaction(0x006b, 388022.68726955925, Oeiras), Transaction(0x0056, 163017.1626937811, Oeiras), Transaction(0x0056, 166782.47257922753, Oeiras), Transaction(0x0049, 307691.60261579376, Oeiras), Transaction(0x0036, 99192.53622508737, Oeiras), Transaction(0x0055, 208771.9356473661, Oeiras), Transaction(0x0048, 140026.51143004716, Oeiras), Transaction(0x003a, 202135.89263363666, Oeiras), Transaction(0x007b, 304452.3569913672, Oeiras), Transaction(0x0056, 160644.128205993, Oeiras), Transaction(0x0063, 390846.90810170345, Oeiras), Transaction(0x0032, 114496.22760882779, Oeiras), Transaction(0x001c, 94181.52296105366, Oeiras), Transaction(0x0020, 117186.03690240259, Oeiras), Transaction(0x0072, 407650.97785047395, Oeiras), Transaction(0x0016, 79349.39558260136, Oeiras), Transaction(0x0029, 124540.19832557572, Oeiras), Transaction(0x0053, 387031.00582166214, Oeiras), Transaction(0x0041, 281896.4367118054, Oeiras), Transaction(0x002a, 75118.64937020051, Oeiras), Transaction(0x002c, 83464.00506776424, Oeiras), Transaction(0x001f, 61861.34604291949, Oeiras), Transaction(0x0067, 433920.9322381255, Oeiras), Transaction(0x0059, 361787.3585081425, Oeiras), Transaction(0x0067, 422267.1568715321, Oeiras), Transaction(0x002a, 167646.78736075215, Oeiras), Transaction(0x003d, 92751.12551407651, Oeiras), Transaction(0x0086, 339339.8666248918, Oeiras), Transaction(0x001e, 41667.14879380786, Oeiras), Transaction(0x0043, 287408.8710753931, Oeiras), Transaction(0x003f, 227950.72661713584, Oeiras), Transaction(0x0073, 423647.25873197586, Oeiras), Transaction(0x00b8, 677177.2226521319, Oeiras), Transaction(0x0024, 147454.06513155598, Oeiras), Transaction(0x0030, 113202.4346356355, Oeiras), Transaction(0x0035, 103598.8623505266, Oeiras), Transaction(0x0068, 461550.1875257667, Oeiras), Transaction(0x002a, 171207.47950064222, Oeiras)]);Dict{Any, Any}(Oeiras => Transaction[Transaction(0x00ec, 3402.5678874999994, Oeiras), Transaction(0x00bc, 3312.8132593749997, Oeiras), Transaction(0x006b, 2388.542725115262, Oeiras), Transaction(0x005c, 2146.0030937499996, Oeiras), Transaction(0x0094, 3402.5678874999994, Oeiras), Transaction(0x002a, 1029.599756945872, Oeiras), Transaction(0x004d, 1820.5631766077056, Oeiras), Transaction(0x004d, 1765.724135121749, Oeiras), Transaction(0x0033, 1204.1840560240607, Oeiras), Transaction(0x002f, 1092.2889954109532, Oeiras), Transaction(0x0024, 881.0581312246446, Oeiras), Transaction(0x0048, 1630.8017756990998, Oeiras), Transaction(0x004c, 1684.5844481081517, Oeiras), Transaction(0x006a, 2415.2669781249997, Oeiras), Transaction(0x0045, 1727.001975303955, Oeiras), Transaction(0x0092, 2907.136582514821, Oeiras), Transaction(0x0034, 1290.5369024900317, Oeiras), Transaction(0x0062, 2128.3906694721404, Oeiras), Transaction(0x006a, 2171.3136756148424, Oeiras), Transaction(0x006f, 2653.611549120826, Oeiras), Transaction(0x006b, 2472.635192262337, Oeiras), Transaction(0x003e, 1267.5322935531415, Oeiras), Transaction(0x0029, 837.4143154852957, Oeiras), Transaction(0x004e, 1609.6941260530755, Oeiras), Transaction(0x0027, 843.7514686691428, Oeiras), Transaction(0x002b, 918.983693067665, Oeiras), Transaction(0x0023, 736.2632638585301, Oeiras), Transaction(0x0043, 1377.2942465624674, Oeiras), Transaction(0x0030, 989.3865067584773, Oeiras), Transaction(0x004f, 1529.4702404883258, Oeiras), Transaction(0x001c, 613.8448871140349, Oeiras), Transaction(0x0041, 1367.377894944007, Oeiras), Transaction(0x0041, 1407.5742984556634, Oeiras), Transaction(0x0042, 1404.0212801008547, Oeiras), Transaction(0x0025, 748.9509459675586, Oeiras), Transaction(0x0041, 1254.1111557613135, Oeiras), Transaction(0x0032, 1008.2864430438514, Oeiras), Transaction(0x0061, 1820.5798279120265, Oeiras), Transaction(0x001b, 572.8977412274655, Oeiras), Transaction(0x0061, 1857.8747968565322, Oeiras), Transaction(0x005f, 1797.6298292376532, Oeiras), Transaction(0x0041, 1195.6126416666666, Oeiras), Transaction(0x0032, 928.4167659537517, Oeiras), Transaction(0x0068, 1660.4763418240616, Oeiras), Transaction(0x005e, 1581.7670819393525, Oeiras), Transaction(0x0048, 1185.2797989660976, Oeiras), Transaction(0x0051, 975.87122, Oeiras), Transaction(0x0050, 1372.1475228782156, Oeiras), Transaction(0x0071, 1806.312591420296, Oeiras), Transaction(0x002d, 689.6962420248615, Oeiras), Transaction(0x003e, 1007.9553868024136, Oeiras), Transaction(0x001b, 337.5054961932629, Oeiras), Transaction(0x001c, 330.8336945261854, Oeiras)]);Dict{HouseLocation, Dict{SizeInterval, Int64}}(Oeiras => Dict(LessThan75 => 2, LessThan125 => 6, More => 5, LessThan50 => 5));Dict{HouseLocation, Dict{SizeInterval, Int64}}(Oeiras => Dict(LessThan75 => 1, LessThan125 => 1, More => 0, LessThan50 => 1));Dict{HouseLocation, Dict{SizeInterval, Int64}}(Oeiras => Dict(LessThan75 => 452, LessThan125 => 505, More => 435, LessThan50 => 392));House[House(0x0074, Oeiras, NotSocialNeighbourhood, 1.0, 93), House(0x0052, Oeiras, NotSocialNeighbourhood, 1.0, 40), House(0x005f, Oeiras, NotSocialNeighbourhood, 1.0, 26), House(0x005d, Oeiras, NotSocialNeighbourhood, 1.0, 5), House(0x006b, Oeiras, NotSocialNeighbourhood, 1.0, 23), House(0x005d, Oeiras, NotSocialNeighbourhood, 1.0, 67), House(0x0094, Oeiras, NotSocialNeighbourhood, 1.0, 50), House(0x007f, Oeiras, NotSocialNeighbourhood, 1.0, 97), House(0x0085, Oeiras, NotSocialNeighbourhood, 1.0, 53), House(0x0082, Oeiras, NotSocialNeighbourhood, 1.0, 9), House(0x0088, Oeiras, NotSocialNeighbourhood, 1.0, 11), House(0x0029, Oeiras, NotSocialNeighbourhood, 1.0, 68), House(0x001b, Oeiras, NotSocialNeighbourhood, 1.0, 42), House(0x0019, Oeiras, NotSocialNeighbourhood, 1.0, 1), House(0x0032, Oeiras, NotSocialNeighbourhood, 1.0, 80), House(0x0029, Oeiras, NotSocialNeighbourhood, 1.0, 32), House(0x0026, Oeiras, NotSocialNeighbourhood, 1.0, 29), House(0x0040, Oeiras, NotSocialNeighbourhood, 1.0, 11)];Mortgage[Mortgage(140385.63500166155, 140385.63500166155, 0, 0x015c), Mortgage(137766.51159462193, 137766.51159462193, 0, 0x0168), Mortgage(82070.52494971582, 82070.52494971582, 0, 0x018c), Mortgage(89322.34510592846, 89322.34510592846, 0, 0x00fc), Mortgage(101636.61104005246, 101636.61104005246, 0, 0x01a4), Mortgage(194673.72776741066, 194673.72776741066, 0, 0x0120), Mortgage(149458.15355693433, 149458.15355693433, 0, 0x0108), Mortgage(10340.42888925824, 10340.42888925824, 0, 0x0150), Mortgage(43443.89341530256, 43443.89341530256, 0, 0x0114), Mortgage(75378.2961322692, 75378.2961322692, 0, 0x018c), Mortgage(315952.118807686, 315952.118807686, 0, 0x018c), Mortgage(347407.8677029939, 347407.8677029939, 0, 0x01a4), Mortgage(169042.21738180937, 169042.21738180937, 0, 0x0168), Mortgage(87613.6138490032, 87613.6138490032, 0, 0x0174), Mortgage(51446.248204502, 51446.248204502, 0, 0x0138), Mortgage(97062.77005163337, 97062.77005163337, 0, 0x0174), Mortgage(99930.67649610275, 99930.67649610275, 0, 0x00e4), Mortgage(107665.1957607913, 107665.1957607913, 0, 0x0078), Mortgage(145110.8848066932, 145110.8848066932, 0, 0x01a4), Mortgage(37423.74242935638, 37423.74242935638, 0, 0x01a4), Mortgage(36332.14538396103, 36332.14538396103, 0, 0x0084), Mortgage(265489.7841528328, 265489.7841528328, 0, 0x0108), Mortgage(99050.48241442243, 99050.48241442243, 0, 0x0144), Mortgage(309566.6300649054, 309566.6300649054, 0, 0x00d8), Mortgage(340121.84063574416, 340121.84063574416, 0, 0x015c), Mortgage(141359.76299037825, 141359.76299037825, 0, 0x015c), Mortgage(66508.81100872169, 66508.81100872169, 0, 0x012c), Mortgage(95221.86354260895, 95221.86354260895, 0, 0x00e4), Mortgage(80399.76392482934, 80399.76392482934, 0, 0x01a4), Mortgage(59772.31372525619, 59772.31372525619, 0, 0x0114), Mortgage(119671.11901113571, 119671.11901113571, 0, 0x0144), Mortgage(26426.016856211296, 26426.016856211296, 0, 0x0030), Mortgage(94263.43181466969, 94263.43181466969, 0, 0x00d8), Mortgage(88608.79647485746, 88608.79647485746, 0, 0x00e4), Mortgage(62811.32033864971, 62811.32033864971, 0, 0x0108), Mortgage(73087.81963597667, 73087.81963597667, 0, 0x009c), Mortgage(340277.5416701841, 340277.5416701841, 0, 0x0198), Mortgage(61498.166881378245, 61498.166881378245, 0, 0x01b0), Mortgage(106922.05366054611, 106922.05366054611, 0, 0x0168), Mortgage(336668.4158314127, 336668.4158314127, 0, 0x015c), Mortgage(36283.01858798502, 36283.01858798502, 0, 0x0078), Mortgage(46837.407466496035, 46837.407466496035, 0, 0x0108), Mortgage(62376.71248486664, 62376.71248486664, 0, 0x0174), Mortgage(33931.042868296325, 33931.042868296325, 0, 0x00e4), Mortgage(42016.4189073586, 42016.4189073586, 0, 0x0078), Mortgage(15588.961955970037, 15588.961955970037, 0, 0x01c8), Mortgage(86624.03505767946, 86624.03505767946, 0, 0x018c), Mortgage(131268.81454439298, 131268.81454439298, 0, 0x01bc), Mortgage(61710.44296108151, 61710.44296108151, 0, 0x00e4), Mortgage(273145.26746107906, 273145.26746107906, 0, 0x0150), Mortgage(22958.664908277802, 22958.664908277802, 0, 0x0084), Mortgage(191391.9601431532, 191391.9601431532, 0, 0x0144), Mortgage(369070.27114987, 369070.27114987, 0, 0x01a4), Mortgage(242214.68618928164, 242214.68618928164, 0, 0x0144), Mortgage(110060.844399641, 110060.844399641, 0, 0x0108), Mortgage(89923.59751919852, 89923.59751919852, 0, 0x00a8), Mortgage(82724.53615210265, 82724.53615210265, 0, 0x0180), Mortgage(406163.12907465256, 406163.12907465256, 0, 0x018c), Mortgage(134035.45783812692, 134035.45783812692, 0, 0x01c8)];House[House(0x0033, Oeiras, NotSocialNeighbourhood, 1.0, 1), House(0x0031, Oeiras, NotSocialNeighbourhood, 1.0, 4), House(0x005f, Oeiras, NotSocialNeighbourhood, 1.0, 1), House(0x0074, Oeiras, NotSocialNeighbourhood, 1.0, 93), House(0x0052, Oeiras, NotSocialNeighbourhood, 1.0, 40), House(0x005f, Oeiras, NotSocialNeighbourhood, 1.0, 26), House(0x005d, Oeiras, NotSocialNeighbourhood, 1.0, 5), House(0x006b, Oeiras, NotSocialNeighbourhood, 1.0, 23), House(0x005d, Oeiras, NotSocialNeighbourhood, 1.0, 67), House(0x0094, Oeiras, NotSocialNeighbourhood, 1.0, 50), House(0x007f, Oeiras, NotSocialNeighbourhood, 1.0, 97), House(0x0085, Oeiras, NotSocialNeighbourhood, 1.0, 53), House(0x0082, Oeiras, NotSocialNeighbourhood, 1.0, 9), House(0x0088, Oeiras, NotSocialNeighbourhood, 1.0, 11), House(0x0029, Oeiras, NotSocialNeighbourhood, 1.0, 68), House(0x001b, Oeiras, NotSocialNeighbourhood, 1.0, 42), House(0x0019, Oeiras, NotSocialNeighbourhood, 1.0, 1), House(0x0032, Oeiras, NotSocialNeighbourhood, 1.0, 80), House(0x0029, Oeiras, NotSocialNeighbourhood, 1.0, 32), House(0x0026, Oeiras, NotSocialNeighbourhood, 1.0, 29), House(0x0040, Oeiras, NotSocialNeighbourhood, 1.0, 11)];Dict{HouseLocation, Float64}(Oeiras => 5.985304798963657)
