askPrice = 849359.0597919662
askPrice = 786306.3635325383
askPrice = 604784.8475645151
askPrice = 867054.0402042988
